My SLURM_ARRAY_TASK_ID:  51
Data shape: (10, 51, 3)
Theta shape: (20, 3)
Theta: [[ 0.12267996  0.27385674  0.19293598]
 [ 0.31420646  0.12632088  0.37065755]
 [ 0.43126562  0.49224384  0.41607747]
 [ 0.35866409  0.0065097   0.0443968 ]
 [ 0.06100978  0.47741421  0.49214057]
 [ 0.37590712  0.2463312   0.2616868 ]
 [ 0.273813    0.05033709  0.24555301]
 [ 0.41196053  0.18492373  0.16114318]
 [ 0.32157831  0.30061279  0.07413376]
 [ 0.49607396  0.30410198  0.0259535 ]
 [ 0.11544229  0.38874696  0.40618929]
 [ 0.30451298  0.22487265  0.48266654]
 [ 0.1992904   0.18093529  0.27082378]
 [ 0.18419402  0.14638647  0.03318745]
 [ 0.38733954  0.28686531  0.09022492]
 [ 0.19281496  0.0964496   0.32376654]
 [ 0.27475266  0.06323524  0.14520864]
 [ 0.05705552  0.04507883  0.42687096]
 [ 0.30118508  0.48258082  0.02013201]
 [ 0.34055313  0.03696403  0.16547096]]
1
46.5058145992
[[ 0.15130528  1.2747848   4.77592605]
 [-0.32852717 -8.23708129  0.02665308]
 [ 3.81488503 -2.05497421  0.05702163]
 [-0.06255116 -0.59190893 -0.01409956]
 [ 0.09658849  0.35212649 -0.01429622]
 [ 0.07520627 -0.13051187 -0.01514509]
 [ 0.10952304  0.73704063  0.        ]
 [ 0.02178076 -0.19833864  0.        ]
 [ 0.02211566  0.25874996 -0.01225966]
 [ 0.01382423  0.09328463  0.        ]
 [-0.33101512 -9.78633076  0.        ]
 [-0.0577311  -0.68832297  0.        ]
 [-0.0466715  -0.84882019  0.02958587]
 [-0.03435711 -0.60233477  0.06042766]
 [-0.01741717 -0.14517577  0.        ]
 [-0.01288937 -0.01687499  0.        ]
 [-0.01368472 -0.14195375  0.        ]
 [ 0.          0.0184873   0.        ]
 [ 0.         -0.01746421  0.        ]
 [ 0.          0.          0.        ]]
2
0.537519526905
[[ 0.1650356   1.28832625  4.78537141]
 [-0.34302944 -8.2826642   0.02835605]
 [ 3.77802168 -2.08942531  0.04269528]
 [-0.06673212 -0.58986985 -0.01579426]
 [ 0.10025911  0.38515356 -0.01516745]
 [ 0.09895905 -0.11068491 -0.01566225]
 [ 0.12849639  0.74172147  0.        ]
 [ 0.02621107 -0.19452685  0.        ]
 [ 0.02837504  0.26097093  0.        ]
 [ 0.01410941  0.09265263  0.        ]
 [-0.33650074 -9.83509942  0.        ]
 [-0.08345532 -0.69653686  0.        ]
 [-0.04668024 -0.83547576  0.02897135]
 [-0.05719893 -0.62712058  0.05002857]
 [-0.01781921 -0.14832833  0.        ]
 [-0.01635321 -0.01924855  0.        ]
 [-0.01683413 -0.14249951  0.        ]
 [ 0.          0.01792868  0.        ]
 [ 0.         -0.01764895  0.        ]
 [ 0.          0.          0.        ]]
3
Finished successfully! number of iterations:  3
0.0711136155441
[[ 0.16486368  1.28808641  4.7852346 ]
 [-0.34321939 -8.28237426  0.02866347]
 [ 3.77877982 -2.09029552  0.04443807]
 [-0.06672669 -0.5898416  -0.01573078]
 [ 0.09998196  0.3851324  -0.01516904]
 [ 0.09900678 -0.11045192 -0.01695348]
 [ 0.12813888  0.74206847  0.        ]
 [ 0.02620095 -0.19462331  0.        ]
 [ 0.02844939  0.26094387  0.        ]
 [ 0.01410433  0.09262502  0.        ]
 [-0.33718367 -9.83515334  0.        ]
 [-0.08439084 -0.69646049  0.        ]
 [-0.04636286 -0.83412889  0.02884161]
 [-0.05579783 -0.62806056  0.05154648]
 [-0.01784814 -0.14840051  0.        ]
 [-0.01637634 -0.01926591  0.        ]
 [-0.01690507 -0.14254279  0.        ]
 [ 0.          0.0179492   0.        ]
 [ 0.         -0.01763368  0.        ]
 [ 0.          0.          0.        ]]
Time taken for 3Dd timepoints exp:  19.394258737564087 , number of time points:  51
Avg AR burnin:  0.259 , Avg AR sampling:  0.0742333333333

 Estimated ordinary:  [[-0.00161654  0.02583497  0.98443106 -0.01062155  0.01781442  0.02494767
   0.02283132  0.0066021   0.00716866  0.00251306 -0.03468614 -0.01503645
  -0.00826077 -0.00573993 -0.00318012 -0.0041265  -0.00301208  0.          0.
   0.        ]
 [ 0.10722714  1.09366774 -0.20565068 -0.09678873  0.06862149 -0.02783161
   0.13221906 -0.04904107  0.06575249  0.01650359 -1.01174393 -0.1240928
  -0.14862206 -0.0646087  -0.02644146 -0.00485461 -0.02539776  0.00319812
  -0.00314191  0.        ]
 [ 1.20848348  0.00208371 -0.00471031 -0.00396383 -0.00270276 -0.00427193
   0.          0.          0.          0.          0.          0.
   0.00513889  0.0053026   0.          0.          0.          0.          0.
   0.        ]] 
 True ordinary:  [[ 0.    0.    1.    0.    0.    0.    0.    0.    0.    0.    0.    0.    0.
   0.    0.    0.    0.    0.    0.    0.  ]
 [ 0.5   1.   -0.3   0.    0.    0.    0.    0.    0.   -0.25 -1.    0.    0.
   0.    0.    0.    0.    0.    0.    0.  ]
 [ 1.2   0.    0.    0.    0.    0.    0.    0.    0.    0.    0.    0.    0.
   0.    0.    0.    0.    0.    0.    0.  ]]

 Estimated hermite:  [[ 0.16486368 -0.34321939  3.77877982 -0.06672669  0.09998196  0.09900678
   0.12813888  0.02620095  0.02844939  0.01410433 -0.33718367 -0.08439084
  -0.04636286 -0.05579783 -0.01784814 -0.01637634 -0.01690507  0.          0.
   0.        ]
 [ 1.28808641 -8.28237426 -2.09029552 -0.5898416   0.3851324  -0.11045192
   0.74206847 -0.19462331  0.26094387  0.09262502 -9.83515334 -0.69646049
  -0.83412889 -0.62806056 -0.14840051 -0.01926591 -0.14254279  0.0179492
  -0.01763368  0.        ]
 [ 4.7852346   0.02866347  0.04443807 -0.01573078 -0.01516904 -0.01695348
   0.          0.          0.          0.          0.          0.
   0.02884161  0.05154648  0.          0.          0.          0.          0.
   0.        ]] 
 True hermite:  [[ 0.          0.          3.96857782  0.          0.          0.          0.
   0.          0.          0.          0.          0.          0.          0.
   0.          0.          0.          0.          0.          0.        ]
 [ 0.99214446 -7.93715565 -1.19057335  0.          0.          0.          0.
   0.          0.         -1.40310415 -9.72099067  0.          0.          0.
   0.          0.          0.          0.          0.          0.        ]
 [ 4.76229339  0.          0.          0.          0.          0.          0.
   0.          0.          0.          0.          0.          0.          0.
   0.          0.          0.          0.          0.          0.        ]]


