My SLURM_ARRAY_TASK_ID:  81
Data shape: (10, 81, 3)
Theta shape: (20, 3)
Theta: [[  3.22930127e-01   1.89532465e-01   4.03636493e-01]
 [  3.04913729e-01   3.80674572e-01   9.63253334e-02]
 [  4.67009004e-01   2.56067773e-01   4.25370856e-01]
 [  1.06761762e-01   9.81486550e-02   3.47438213e-01]
 [  3.45869029e-01   4.88058039e-01   1.92821690e-01]
 [  4.13575584e-01   4.41776491e-03   3.03566281e-02]
 [  3.96569311e-01   2.43928126e-01   1.99994620e-01]
 [  3.53938402e-01   3.95233387e-01   3.19638290e-01]
 [  6.70947267e-02   4.31736550e-01   2.27569567e-01]
 [  2.17564712e-01   6.07408099e-02   3.22033961e-01]
 [  1.25876301e-01   5.89724816e-03   4.69109858e-01]
 [  3.47001725e-01   7.84559538e-02   3.79042546e-01]
 [  4.22057118e-01   3.33974394e-01   2.89125827e-01]
 [  4.85676419e-01   4.10466028e-01   1.90233089e-01]
 [  3.59185594e-01   1.67013842e-02   5.75475557e-02]
 [  1.37989536e-01   4.84762216e-01   3.79332038e-01]
 [  3.22166162e-01   3.63543511e-01   4.43156301e-01]
 [  4.09007626e-01   2.64882579e-01   4.18453183e-01]
 [  6.61256435e-03   3.18398663e-04   1.40293368e-01]
 [  6.83051214e-02   4.19085477e-01   1.80683937e-01]]
1
46.2284986626
[[ 0.03257833  1.17446512  4.78007709]
 [-0.13454408 -8.15692111  0.03080538]
 [ 3.96249364 -1.68972667  0.05288451]
 [-0.01714933 -0.58726668 -0.01582635]
 [-0.02131594  0.23732163 -0.01578973]
 [-0.01545484 -0.1729914  -0.02381243]
 [ 0.01695035  0.67454358  0.        ]
 [ 0.         -0.19432314  0.        ]
 [ 0.          0.2597206  -0.01326188]
 [ 0.          0.09501845  0.        ]
 [-0.19985064 -9.85362016  0.        ]
 [-0.0110453  -0.45593331  0.        ]
 [ 0.02595829 -0.71154979  0.02632789]
 [ 0.02094232 -0.33218319  0.05150452]
 [ 0.         -0.13335614  0.        ]
 [ 0.         -0.01396029  0.        ]
 [ 0.         -0.14220442  0.        ]
 [ 0.          0.0178025   0.        ]
 [ 0.         -0.01784635  0.        ]
 [ 0.          0.          0.        ]]
2
0.356291219265
[[ 0.03611621  1.18597205  4.78306135]
 [-0.14104084 -8.19882118  0.02904581]
 [ 3.94464907 -1.71427107  0.05733288]
 [-0.01822489 -0.58907842 -0.01548281]
 [ 0.          0.24885974 -0.01420618]
 [-0.01194723 -0.17428475 -0.02227771]
 [ 0.02131474  0.6797949   0.        ]
 [ 0.         -0.19545465  0.        ]
 [ 0.          0.26393546 -0.01092879]
 [ 0.          0.09543552  0.        ]
 [-0.20498235 -9.90914133  0.        ]
 [-0.03290977 -0.46023526  0.        ]
 [ 0.02776109 -0.70408564  0.0292837 ]
 [ 0.         -0.34667732  0.06329506]
 [ 0.         -0.13283302  0.        ]
 [ 0.         -0.0148922   0.        ]
 [ 0.         -0.14411202  0.        ]
 [ 0.          0.01780943  0.        ]
 [ 0.         -0.01830583  0.        ]
 [ 0.          0.          0.        ]]
3
Finished successfully! number of iterations:  3
0.0646132177813
[[ 0.03620929  1.18568082  4.78303993]
 [-0.14092428 -8.19876968  0.02892759]
 [ 3.94453186 -1.71410567  0.05702513]
 [-0.01817681 -0.58904203 -0.01538557]
 [ 0.          0.24888822 -0.01411258]
 [-0.01159295 -0.17437604 -0.02224356]
 [ 0.02152164  0.67864408  0.        ]
 [ 0.         -0.19548988  0.        ]
 [ 0.          0.26388548 -0.01094351]
 [ 0.          0.0954344   0.        ]
 [-0.20459882 -9.9095801   0.        ]
 [-0.03341789 -0.46085889  0.        ]
 [ 0.02770482 -0.70336229  0.0290698 ]
 [ 0.         -0.34662855  0.06277544]
 [ 0.         -0.13280612  0.        ]
 [ 0.         -0.01492808  0.        ]
 [ 0.         -0.1439827   0.        ]
 [ 0.          0.01782373  0.        ]
 [ 0.         -0.01830338  0.        ]
 [ 0.          0.          0.        ]]
Time taken for 3Dd timepoints exp:  30.556610584259033 , number of time points:  81
Avg AR burnin:  0.296875 , Avg AR sampling:  0.122079166667

 Estimated ordinary:  [[ 0.00528935  0.02269498  0.99989519 -0.00458018  0.         -0.00292119
   0.00383465  0.          0.          0.         -0.02104712 -0.00595428
   0.00493634  0.          0.          0.          0.          0.          0.
   0.        ]
 [ 0.11649869  1.1144261  -0.23957077 -0.09910925  0.044346   -0.04393918
   0.12091834 -0.04925943  0.06649371  0.01700416 -1.01940023 -0.08211416
  -0.12532254 -0.03565774 -0.02366291 -0.00376157 -0.02565431  0.00317577
  -0.00326123  0.        ]
 [ 1.20774223  0.00210961 -0.005004   -0.00387685 -0.00251453 -0.00560492
   0.          0.         -0.00275754  0.          0.          0.
   0.00517955  0.00645772  0.          0.          0.          0.          0.
   0.        ]] 
 True ordinary:  [[ 0.    0.    1.    0.    0.    0.    0.    0.    0.    0.    0.    0.    0.
   0.    0.    0.    0.    0.    0.    0.  ]
 [ 0.5   1.   -0.3   0.    0.    0.    0.    0.    0.   -0.25 -1.    0.    0.
   0.    0.    0.    0.    0.    0.    0.  ]
 [ 1.2   0.    0.    0.    0.    0.    0.    0.    0.    0.    0.    0.    0.
   0.    0.    0.    0.    0.    0.    0.  ]]

 Estimated hermite:  [[ 0.03620929 -0.14092428  3.94453186 -0.01817681  0.         -0.01159295
   0.02152164  0.          0.          0.         -0.20459882 -0.03341789
   0.02770482  0.          0.          0.          0.          0.          0.
   0.        ]
 [ 1.18568082 -8.19876968 -1.71410567 -0.58904203  0.24888822 -0.17437604
   0.67864408 -0.19548988  0.26388548  0.0954344  -9.9095801  -0.46085889
  -0.70336229 -0.34662855 -0.13280612 -0.01492808 -0.1439827   0.01782373
  -0.01830338  0.        ]
 [ 4.78303993  0.02892759  0.05702513 -0.01538557 -0.01411258 -0.02224356
   0.          0.         -0.01094351  0.          0.          0.
   0.0290698   0.06277544  0.          0.          0.          0.          0.
   0.        ]] 
 True hermite:  [[ 0.          0.          3.96857782  0.          0.          0.          0.
   0.          0.          0.          0.          0.          0.          0.
   0.          0.          0.          0.          0.          0.        ]
 [ 0.99214446 -7.93715565 -1.19057335  0.          0.          0.          0.
   0.          0.         -1.40310415 -9.72099067  0.          0.          0.
   0.          0.          0.          0.          0.          0.        ]
 [ 4.76229339  0.          0.          0.          0.          0.          0.
   0.          0.          0.          0.          0.          0.          0.
   0.          0.          0.          0.          0.          0.        ]]


