My SLURM_ARRAY_TASK_ID:  31
Data shape: (10, 31, 3)
Theta shape: (20, 3)
Theta: [[ 0.41220983  0.17772575  0.15622337]
 [ 0.31392122  0.20448422  0.15476892]
 [ 0.00392317  0.00139295  0.35727979]
 [ 0.19880234  0.05535902  0.22872637]
 [ 0.26542     0.39235419  0.26937346]
 [ 0.13960265  0.26270818  0.40453953]
 [ 0.41944758  0.13373438  0.04900987]
 [ 0.17580633  0.42474354  0.43740213]
 [ 0.01147978  0.30469047  0.25272052]
 [ 0.33024816  0.23518771  0.48087409]
 [ 0.33181805  0.17902848  0.1775302 ]
 [ 0.07897102  0.04112638  0.04158483]
 [ 0.34922852  0.03450017  0.2634263 ]
 [ 0.25922974  0.0818002   0.44487389]
 [ 0.29950373  0.05091029  0.41839752]
 [ 0.09728205  0.26089044  0.27171958]
 [ 0.17841566  0.38474312  0.24109158]
 [ 0.09692272  0.30755555  0.05941048]
 [ 0.04754292  0.44552449  0.42909649]
 [ 0.41853312  0.24272595  0.01502331]]
1
47.7178457121
[[ 0.45997513  1.44451738  4.78335108]
 [-0.87695793 -8.1131939   0.02450193]
 [ 3.25584124 -2.0113395   0.04002099]
 [-0.14204278 -0.5273584  -0.01664345]
 [ 0.38357308  0.74911444 -0.01704845]
 [ 0.47957356 -0.23552708  0.        ]
 [ 0.5540971   0.8644931   0.01276362]
 [ 0.08491717 -0.21702407  0.        ]
 [ 0.06975449  0.20039619  0.        ]
 [ 0.02784371  0.07110649  0.        ]
 [-0.62313474 -9.13014744  0.        ]
 [-0.29906046 -0.87937446  0.        ]
 [-0.39720943 -0.83137363  0.01303705]
 [-0.23945828 -0.53633921  0.0534405 ]
 [-0.06176951 -0.17954183  0.        ]
 [-0.07183622  0.          0.        ]
 [-0.07111636 -0.12632052  0.        ]
 [ 0.          0.02249072  0.        ]
 [ 0.         -0.0133093   0.        ]
 [ 0.          0.          0.        ]]
2
0.692978371204
[[ 0.48856826  1.44353009  4.78720903]
 [-0.91125696 -8.13455466  0.03056242]
 [ 3.19744918 -2.03900156  0.04431297]
 [-0.14899559 -0.52005661 -0.01515211]
 [ 0.4111093   0.7638426  -0.01716178]
 [ 0.51297231 -0.23059509  0.        ]
 [ 0.59490553  0.83460913  0.0159855 ]
 [ 0.08656429 -0.21219083  0.        ]
 [ 0.07609711  0.20465947  0.        ]
 [ 0.02847553  0.06976776  0.        ]
 [-0.64532135 -9.14661593  0.01250249]
 [-0.34507053 -0.88884997  0.        ]
 [-0.41830832 -0.78168448  0.02409256]
 [-0.27234555 -0.55553926  0.05909191]
 [-0.06461936 -0.17898059  0.        ]
 [-0.07644317  0.          0.        ]
 [-0.07688515 -0.12044083  0.        ]
 [ 0.          0.02183258  0.        ]
 [ 0.         -0.01397079  0.        ]
 [ 0.          0.          0.        ]]
3
Finished successfully! number of iterations:  3
0.0630684811416
[[ 0.48830991  1.44349895  4.7873982 ]
 [-0.91062409 -8.13480899  0.03003086]
 [ 3.19652218 -2.03903971  0.04411527]
 [-0.14894352 -0.52013338 -0.01516801]
 [ 0.41060232  0.76426264 -0.01677438]
 [ 0.51350476 -0.23038213  0.        ]
 [ 0.5942816   0.83425253  0.01628161]
 [ 0.08664939 -0.2121935   0.        ]
 [ 0.07613584  0.2045991   0.        ]
 [ 0.02845945  0.06978531  0.        ]
 [-0.64475706 -9.14711482  0.01189902]
 [-0.34599684 -0.88930457  0.        ]
 [-0.41761454 -0.7813701   0.0235808 ]
 [-0.27308071 -0.5554189   0.05892361]
 [-0.0645858  -0.1790059   0.        ]
 [-0.07649589  0.          0.        ]
 [-0.0768325  -0.12039712  0.        ]
 [ 0.          0.021835    0.        ]
 [ 0.         -0.01396084  0.        ]
 [ 0.          0.          0.        ]]
Time taken for 3Dd timepoints exp:  11.945427179336548 , number of time points:  31
Avg AR burnin:  0.224777777778 , Avg AR sampling:  0.0409333333333

 Estimated ordinary:  [[ -6.10733116e-02   4.39293113e-02   9.51381895e-01  -1.23333056e-02
    7.31596306e-02   1.29392640e-01   1.05886937e-01   2.18338635e-02
    1.91846666e-02   5.07080060e-03  -6.63262711e-02  -6.16484596e-02
   -7.44090425e-02  -2.80918600e-02  -1.15076628e-02  -1.92753917e-02
   -1.36897358e-02   0.00000000e+00   0.00000000e+00   0.00000000e+00]
 [  6.64803308e-02   9.08422502e-01  -1.81447408e-01  -7.77163726e-02
    1.36173540e-01  -5.80515601e-02   1.48644085e-01  -5.34683985e-02
    5.15547646e-02   1.24340936e-02  -9.40965291e-01  -1.58453058e-01
   -1.39221686e-01  -5.71360393e-02  -3.18946203e-02   0.00000000e+00
   -2.14519223e-02   3.89048024e-03  -2.48749170e-03   0.00000000e+00]
 [  1.20641370e+00  -3.06545514e-04  -7.06830321e-03  -3.82202694e-03
   -2.98879868e-03   0.00000000e+00   2.90099876e-03   0.00000000e+00
    0.00000000e+00   0.00000000e+00   1.22405471e-03   0.00000000e+00
    4.20154087e-03   6.06148160e-03   0.00000000e+00   0.00000000e+00
    0.00000000e+00   0.00000000e+00   0.00000000e+00   0.00000000e+00]] 
 True ordinary:  [[ 0.    0.    1.    0.    0.    0.    0.    0.    0.    0.    0.    0.    0.
   0.    0.    0.    0.    0.    0.    0.  ]
 [ 0.5   1.   -0.3   0.    0.    0.    0.    0.    0.   -0.25 -1.    0.    0.
   0.    0.    0.    0.    0.    0.    0.  ]
 [ 1.2   0.    0.    0.    0.    0.    0.    0.    0.    0.    0.    0.    0.
   0.    0.    0.    0.    0.    0.    0.  ]]

 Estimated hermite:  [[ 0.48830991 -0.91062409  3.19652218 -0.14894352  0.41060232  0.51350476
   0.5942816   0.08664939  0.07613584  0.02845945 -0.64475706 -0.34599684
  -0.41761454 -0.27308071 -0.0645858  -0.07649589 -0.0768325   0.          0.
   0.        ]
 [ 1.44349895 -8.13480899 -2.03903971 -0.52013338  0.76426264 -0.23038213
   0.83425253 -0.2121935   0.2045991   0.06978531 -9.14711482 -0.88930457
  -0.7813701  -0.5554189  -0.1790059   0.         -0.12039712  0.021835
  -0.01396084  0.        ]
 [ 4.7873982   0.03003086  0.04411527 -0.01516801 -0.01677438  0.
   0.01628161  0.          0.          0.          0.01189902  0.
   0.0235808   0.05892361  0.          0.          0.          0.          0.
   0.        ]] 
 True hermite:  [[ 0.          0.          3.96857782  0.          0.          0.          0.
   0.          0.          0.          0.          0.          0.          0.
   0.          0.          0.          0.          0.          0.        ]
 [ 0.99214446 -7.93715565 -1.19057335  0.          0.          0.          0.
   0.          0.         -1.40310415 -9.72099067  0.          0.          0.
   0.          0.          0.          0.          0.          0.        ]
 [ 4.76229339  0.          0.          0.          0.          0.          0.
   0.          0.          0.          0.          0.          0.          0.
   0.          0.          0.          0.          0.          0.        ]]


