My SLURM_ARRAY_TASK_ID:  41
Data shape: (10, 41, 3)
Theta shape: (20, 3)
Theta: [[ 0.20308844  0.39926775  0.0793624 ]
 [ 0.25527046  0.1370258   0.124072  ]
 [ 0.46019613  0.11574047  0.36156704]
 [ 0.31365461  0.30656149  0.31671752]
 [ 0.19316409  0.31870187  0.43953728]
 [ 0.11791586  0.27230229  0.30033853]
 [ 0.39016546  0.1061784   0.02976463]
 [ 0.07345155  0.08593056  0.12946735]
 [ 0.13812019  0.03029223  0.1957458 ]
 [ 0.16390776  0.43590324  0.43234455]
 [ 0.09411754  0.39236338  0.02591285]
 [ 0.42814385  0.32678896  0.19734225]
 [ 0.32185663  0.26412123  0.27686234]
 [ 0.02357705  0.45992018  0.04058568]
 [ 0.36215748  0.1758107   0.39611168]
 [ 0.0142689   0.29371348  0.45447653]
 [ 0.40994481  0.39336639  0.17201879]
 [ 0.18504825  0.47152376  0.47111921]
 [ 0.3724655   0.21933201  0.15932717]
 [ 0.42625663  0.48321771  0.14250707]]
1
48.3243286593
[[ 0.09955729  0.82372825  4.785749  ]
 [-0.3324404  -8.06060568  0.02332177]
 [ 3.81326622 -2.14546689  0.04131121]
 [-0.019311   -0.43990539 -0.01988929]
 [ 0.07045856 -0.29367349 -0.01036204]
 [-0.15269784 -0.55238987  0.        ]
 [-0.15565113  0.41695571  0.01616254]
 [-0.07053615 -0.19709658  0.        ]
 [-0.02682621  0.22151199  0.        ]
 [ 0.          0.06536442  0.        ]
 [-0.48305763 -9.29691627  0.        ]
 [-0.03542818 -0.78814681  0.        ]
 [-0.18617431 -0.98578599  0.02850761]
 [-0.2265892  -0.81225297  0.0557801 ]
 [ 0.         -0.06732336  0.        ]
 [ 0.02292012  0.03413658  0.        ]
 [ 0.02802968 -0.10555292  0.        ]
 [ 0.          0.01994935  0.        ]
 [ 0.         -0.01479126  0.        ]
 [ 0.          0.          0.        ]]
2
0.596172260149
[[ 0.11966572  0.81341426  4.79118022]
 [-0.35767841 -8.08085428  0.02067503]
 [ 3.7801416  -2.17265377  0.04725707]
 [-0.02682261 -0.42864605 -0.02065938]
 [ 0.09238009 -0.29224391 -0.01337312]
 [-0.13410311 -0.55439247 -0.02044987]
 [-0.1343665   0.37738812  0.01357957]
 [-0.06749915 -0.19586783  0.        ]
 [-0.01985378  0.22193442  0.        ]
 [ 0.          0.0627473   0.        ]
 [-0.49914485 -9.3279517   0.        ]
 [-0.06331759 -0.80660504  0.01352419]
 [-0.19721821 -0.94151099  0.02379822]
 [-0.24031404 -0.83936662  0.059974  ]
 [-0.01197298 -0.06591313  0.        ]
 [ 0.02045335  0.03435611  0.        ]
 [ 0.02594011 -0.09950437  0.        ]
 [ 0.          0.01955714  0.        ]
 [ 0.         -0.01499073  0.        ]
 [ 0.          0.          0.        ]]
3
Finished successfully! number of iterations:  3
0.0572894514838
[[ 0.11996686  0.81334694  4.79066489]
 [-0.35838495 -8.0806155   0.02141337]
 [ 3.7796448  -2.17280054  0.04778196]
 [-0.02677033 -0.42868655 -0.02031474]
 [ 0.09247943 -0.2921302  -0.01375126]
 [-0.13400621 -0.5540586  -0.02134401]
 [-0.13376357  0.37714505  0.01369003]
 [-0.06743183 -0.19574158  0.        ]
 [-0.01976453  0.22182618  0.        ]
 [ 0.          0.06276309  0.        ]
 [-0.49958306 -9.32745339  0.        ]
 [-0.06341448 -0.80724389  0.01402074]
 [-0.19817083 -0.94063838  0.02388906]
 [-0.24071917 -0.83935409  0.05916176]
 [-0.01197253 -0.06589204  0.        ]
 [ 0.02050869  0.03423666  0.        ]
 [ 0.02582616 -0.09950706  0.        ]
 [ 0.          0.01954917  0.        ]
 [ 0.         -0.01497087  0.        ]
 [ 0.          0.          0.        ]]
Time taken for 3Dd timepoints exp:  16.304771184921265 , number of time points:  41
Avg AR burnin:  0.25075 , Avg AR sampling:  0.080425

 Estimated ordinary:  [[  3.75850388e-02   9.91803129e-02   1.03798020e+00  -9.21396097e-03
    1.64776494e-02  -3.37668092e-02  -2.38335077e-02  -1.69914353e-02
   -4.98025534e-03   0.00000000e+00  -5.13921967e-02  -1.12989613e-02
   -3.53093595e-02  -2.47628233e-02  -2.13322222e-03   5.16776781e-03
    4.60161146e-03   0.00000000e+00   0.00000000e+00   0.00000000e+00]
 [  1.78616167e-01   1.00651765e+00  -1.41968312e-01  -7.85499841e-02
   -5.20506977e-02  -1.39611374e-01   6.71983344e-02  -4.93228530e-02
    5.58956369e-02   1.11828990e-02  -9.59516751e-01  -1.43831784e-01
   -1.67599530e-01  -8.63445008e-02  -1.17404039e-02   8.62693473e-03
   -1.77298057e-02   3.48319956e-03  -2.66745529e-03   0.00000000e+00]
 [  1.20715994e+00   1.13926213e-03  -8.71603330e-03  -5.11889616e-03
   -2.45014999e-03  -5.37825206e-03   2.43923984e-03   0.00000000e+00
    0.00000000e+00   0.00000000e+00   0.00000000e+00   2.49816460e-03
    4.25646556e-03   6.08598014e-03   0.00000000e+00   0.00000000e+00
    0.00000000e+00   0.00000000e+00   0.00000000e+00   0.00000000e+00]] 
 True ordinary:  [[ 0.    0.    1.    0.    0.    0.    0.    0.    0.    0.    0.    0.    0.
   0.    0.    0.    0.    0.    0.    0.  ]
 [ 0.5   1.   -0.3   0.    0.    0.    0.    0.    0.   -0.25 -1.    0.    0.
   0.    0.    0.    0.    0.    0.    0.  ]
 [ 1.2   0.    0.    0.    0.    0.    0.    0.    0.    0.    0.    0.    0.
   0.    0.    0.    0.    0.    0.    0.  ]]

 Estimated hermite:  [[ 0.11996686 -0.35838495  3.7796448  -0.02677033  0.09247943 -0.13400621
  -0.13376357 -0.06743183 -0.01976453  0.         -0.49958306 -0.06341448
  -0.19817083 -0.24071917 -0.01197253  0.02050869  0.02582616  0.          0.
   0.        ]
 [ 0.81334694 -8.0806155  -2.17280054 -0.42868655 -0.2921302  -0.5540586
   0.37714505 -0.19574158  0.22182618  0.06276309 -9.32745339 -0.80724389
  -0.94063838 -0.83935409 -0.06589204  0.03423666 -0.09950706  0.01954917
  -0.01497087  0.        ]
 [ 4.79066489  0.02141337  0.04778196 -0.02031474 -0.01375126 -0.02134401
   0.01369003  0.          0.          0.          0.          0.01402074
   0.02388906  0.05916176  0.          0.          0.          0.          0.
   0.        ]] 
 True hermite:  [[ 0.          0.          3.96857782  0.          0.          0.          0.
   0.          0.          0.          0.          0.          0.          0.
   0.          0.          0.          0.          0.          0.        ]
 [ 0.99214446 -7.93715565 -1.19057335  0.          0.          0.          0.
   0.          0.         -1.40310415 -9.72099067  0.          0.          0.
   0.          0.          0.          0.          0.          0.        ]
 [ 4.76229339  0.          0.          0.          0.          0.          0.
   0.          0.          0.          0.          0.          0.          0.
   0.          0.          0.          0.          0.          0.        ]]


