My SLURM_ARRAY_TASK_ID:  101
Data shape: (10, 101, 3)
Theta shape: (20, 3)
Theta: [[ 0.07703003  0.39844068  0.40049276]
 [ 0.37941904  0.219375    0.1781806 ]
 [ 0.18923652  0.4404461   0.39266259]
 [ 0.21588065  0.31003584  0.22414661]
 [ 0.00057535  0.40274981  0.04019069]
 [ 0.39736001  0.33718346  0.2882174 ]
 [ 0.41548103  0.07513377  0.23158949]
 [ 0.42793374  0.31550241  0.44757616]
 [ 0.02181136  0.49124614  0.30610751]
 [ 0.08650834  0.09528135  0.08710761]
 [ 0.23720566  0.32044121  0.39169676]
 [ 0.14120363  0.31941316  0.17854528]
 [ 0.25358225  0.39727927  0.45569467]
 [ 0.29070578  0.08466898  0.2998348 ]
 [ 0.46170423  0.34137524  0.48245017]
 [ 0.19204103  0.1344436   0.21143534]
 [ 0.13278705  0.36177669  0.01714365]
 [ 0.13382855  0.27395219  0.43820411]
 [ 0.37003522  0.07351285  0.13107875]
 [ 0.07148966  0.13551338  0.41282602]]
1
45.8205002407
[[ 0.05046289  1.16354183  4.77741472]
 [-0.15239382 -8.15686338  0.03125467]
 [ 3.94552106 -1.55681278  0.06706124]
 [-0.02377611 -0.58062436 -0.01505553]
 [ 0.01990178  0.2608316  -0.01655467]
 [ 0.02120465 -0.18067144 -0.02599184]
 [ 0.04297727  0.62243006 -0.01073708]
 [ 0.         -0.21207039  0.        ]
 [ 0.          0.25384516 -0.0109658 ]
 [ 0.          0.09415468  0.        ]
 [-0.21518128 -9.90407954  0.        ]
 [-0.02806485 -0.42888845  0.        ]
 [-0.02306385 -0.70927894  0.03092594]
 [ 0.02325986 -0.19500004  0.07206312]
 [ 0.         -0.13611719  0.        ]
 [ 0.          0.          0.        ]
 [ 0.         -0.13176258  0.        ]
 [ 0.          0.0199433   0.        ]
 [ 0.         -0.01656128  0.        ]
 [ 0.          0.          0.        ]]
2
0.416880405103
[[ 0.05850576  1.15590647  4.78092106]
 [-0.16337146 -8.1780981   0.02907687]
 [ 3.91986885 -1.56374501  0.07372266]
 [-0.02613705 -0.57082653 -0.01611771]
 [ 0.0228584   0.28134563 -0.01555513]
 [ 0.03561321 -0.18398365 -0.02741563]
 [ 0.05172372  0.61092408  0.        ]
 [ 0.         -0.21911185  0.        ]
 [ 0.          0.2513837  -0.01056077]
 [ 0.          0.09190215  0.        ]
 [-0.21893821 -9.95416492  0.        ]
 [-0.05556784 -0.42768005  0.01582222]
 [-0.02820947 -0.6875844   0.03123527]
 [ 0.         -0.21176523  0.08031952]
 [ 0.         -0.13578217  0.        ]
 [ 0.          0.          0.        ]
 [ 0.         -0.13195827  0.        ]
 [ 0.          0.02085282  0.        ]
 [ 0.         -0.01620553  0.        ]
 [ 0.          0.          0.        ]]
3
0.11348564121
[[ 0.05738702  1.15879033  4.78127263]
 [-0.16101033 -8.18172542  0.02909351]
 [ 3.92157343 -1.56782175  0.07352861]
 [-0.02615107 -0.57233827 -0.01560357]
 [ 0.022016    0.2800852  -0.01606396]
 [ 0.03530136 -0.1812207  -0.02684229]
 [ 0.04940427  0.61321692  0.        ]
 [ 0.         -0.21743588  0.        ]
 [ 0.          0.25271024 -0.0102379 ]
 [ 0.          0.09232214  0.        ]
 [-0.21888156 -9.9535691   0.        ]
 [-0.05551906 -0.42831232  0.01668184]
 [-0.02631882 -0.68949308  0.03092573]
 [ 0.         -0.21255983  0.08039856]
 [ 0.         -0.13563553  0.        ]
 [ 0.          0.          0.        ]
 [ 0.         -0.13196078  0.        ]
 [ 0.          0.02063607  0.        ]
 [ 0.         -0.01637112  0.        ]
 [ 0.          0.          0.        ]]
4
Finished successfully! number of iterations:  4
0.0885896557611
[[ 0.0572357   1.15876091  4.78113551]
 [-0.16106606 -8.18291896  0.02975564]
 [ 3.92197995 -1.56769806  0.07191083]
 [-0.02601809 -0.57202264 -0.01559585]
 [ 0.02246204  0.28078353 -0.01609403]
 [ 0.03536048 -0.18176143 -0.02594404]
 [ 0.04975804  0.61352511  0.        ]
 [ 0.         -0.21768973  0.        ]
 [ 0.          0.25254416  0.        ]
 [ 0.          0.09219075  0.        ]
 [-0.21906389 -9.955166    0.        ]
 [-0.05496672 -0.42825776  0.01603166]
 [-0.02609533 -0.69064823  0.03206211]
 [ 0.         -0.21275539  0.07899768]
 [ 0.         -0.13565647  0.        ]
 [ 0.          0.          0.        ]
 [ 0.         -0.13205779  0.        ]
 [ 0.          0.02068037  0.        ]
 [ 0.         -0.01634136  0.        ]
 [ 0.          0.          0.        ]]
Time taken for 3Dd timepoints exp:  51.49324560165405 , number of time points:  101
Avg AR burnin:  0.30085 , Avg AR sampling:  0.1233425

 Estimated ordinary:  [[ 0.00155431  0.03166966  0.99805206 -0.00655602  0.00400221  0.00891011
   0.00886571  0.          0.          0.         -0.02253514 -0.00979377
  -0.00464957  0.          0.          0.          0.          0.          0.
   0.        ]
 [ 0.11621304  1.12971411 -0.25015206 -0.09643759  0.05002899 -0.04580014
   0.10931568 -0.05485334  0.06363594  0.01642621 -1.02408966 -0.07630541
  -0.12305719 -0.02188618 -0.02417078  0.         -0.02352958  0.00368475
  -0.00291164  0.        ]
 [ 1.2076154   0.0017851  -0.00911593 -0.00392983 -0.00286758 -0.00653737
   0.          0.          0.          0.          0.          0.00285646
   0.00571271  0.0081265   0.          0.          0.          0.          0.
   0.        ]] 
 True ordinary:  [[ 0.    0.    1.    0.    0.    0.    0.    0.    0.    0.    0.    0.    0.
   0.    0.    0.    0.    0.    0.    0.  ]
 [ 0.5   1.   -0.3   0.    0.    0.    0.    0.    0.   -0.25 -1.    0.    0.
   0.    0.    0.    0.    0.    0.    0.  ]
 [ 1.2   0.    0.    0.    0.    0.    0.    0.    0.    0.    0.    0.    0.
   0.    0.    0.    0.    0.    0.    0.  ]]

 Estimated hermite:  [[ 0.0572357  -0.16106606  3.92197995 -0.02601809  0.02246204  0.03536048
   0.04975804  0.          0.          0.         -0.21906389 -0.05496672
  -0.02609533  0.          0.          0.          0.          0.          0.
   0.        ]
 [ 1.15876091 -8.18291896 -1.56769806 -0.57202264  0.28078353 -0.18176143
   0.61352511 -0.21768973  0.25254416  0.09219075 -9.955166   -0.42825776
  -0.69064823 -0.21275539 -0.13565647  0.         -0.13205779  0.02068037
  -0.01634136  0.        ]
 [ 4.78113551  0.02975564  0.07191083 -0.01559585 -0.01609403 -0.02594404
   0.          0.          0.          0.          0.          0.01603166
   0.03206211  0.07899768  0.          0.          0.          0.          0.
   0.        ]] 
 True hermite:  [[ 0.          0.          3.96857782  0.          0.          0.          0.
   0.          0.          0.          0.          0.          0.          0.
   0.          0.          0.          0.          0.          0.        ]
 [ 0.99214446 -7.93715565 -1.19057335  0.          0.          0.          0.
   0.          0.         -1.40310415 -9.72099067  0.          0.          0.
   0.          0.          0.          0.          0.          0.        ]
 [ 4.76229339  0.          0.          0.          0.          0.          0.
   0.          0.          0.          0.          0.          0.          0.
   0.          0.          0.          0.          0.          0.        ]]


