My SLURM_ARRAY_TASK_ID:  61
Data shape: (10, 61, 3)
Theta shape: (20, 3)
Theta: [[ 0.12805111  0.3607576   0.41953981]
 [ 0.11110132  0.23569423  0.24240354]
 [ 0.08820088  0.49582343  0.38146032]
 [ 0.35694057  0.37894195  0.11233708]
 [ 0.29886725  0.21046739  0.22453954]
 [ 0.02931276  0.19797824  0.0240923 ]
 [ 0.45714556  0.40097336  0.44309917]
 [ 0.26767726  0.14529678  0.34797651]
 [ 0.3013956   0.32119271  0.13755673]
 [ 0.22348644  0.02932307  0.21021295]
 [ 0.17480345  0.1654068   0.26594828]
 [ 0.25038406  0.27439102  0.22795627]
 [ 0.13790508  0.10777427  0.07630633]
 [ 0.4871674   0.10195991  0.1401336 ]
 [ 0.1652772   0.14371062  0.2546367 ]
 [ 0.06505113  0.46512032  0.2986751 ]
 [ 0.30729226  0.34167551  0.18281595]
 [ 0.47046063  0.00569871  0.27257261]
 [ 0.21296087  0.4837296   0.39590744]
 [ 0.00153803  0.33991558  0.24233044]]
1
45.318927641
[[ 0.0210831   1.1814702   4.78573372]
 [-0.59103471 -7.29676194  0.        ]
 [ 3.92780481 -2.2624701   0.03115015]
 [-0.17099047 -0.42885893 -0.0133895 ]
 [-0.23187739  0.6500079   0.0111325 ]
 [-0.11457749 -0.49130916 -0.01545788]
 [ 0.24186488  1.20601817  0.01463434]
 [-0.0361077  -0.01432039  0.        ]
 [ 0.0325761   0.24053724 -0.0149964 ]
 [ 0.04997338  0.0557868   0.        ]
 [-0.48852853 -7.82808047 -0.0205177 ]
 [-0.08728216 -1.27675504  0.01710603]
 [-0.14529968 -0.25871143  0.        ]
 [ 0.23869307 -0.69731033  0.02223374]
 [ 0.01931827 -0.15427837  0.        ]
 [ 0.01798395  0.01117876  0.        ]
 [-0.04048508 -0.17128707  0.        ]
 [ 0.          0.          0.        ]
 [ 0.         -0.01770003  0.        ]
 [ 0.          0.          0.        ]]
2
0.59832874096
[[ 0.03998556  1.16495349  4.79489156]
 [-0.64666702 -7.2909971   0.        ]
 [ 3.89861276 -2.27450061  0.03673886]
 [-0.17975016 -0.41327667 -0.01599914]
 [-0.22605172  0.63701681  0.        ]
 [-0.10146337 -0.4918586  -0.01610702]
 [ 0.27102671  1.19797369  0.02613859]
 [-0.03189498  0.          0.        ]
 [ 0.03398724  0.23686168 -0.01386826]
 [ 0.0515862   0.05212699  0.        ]
 [-0.52433401 -7.82387125  0.        ]
 [-0.10737084 -1.27253552  0.01835716]
 [-0.18664972 -0.20100926  0.01023457]
 [ 0.21416396 -0.7274108   0.03634328]
 [ 0.01790253 -0.15154016  0.        ]
 [ 0.01650752  0.01136189  0.        ]
 [-0.04480985 -0.16827351  0.        ]
 [ 0.          0.          0.        ]
 [ 0.         -0.01752762  0.        ]
 [ 0.          0.          0.        ]]
3
0.123810110513
[[ 0.03893516  1.16256272  4.79514023]
 [-0.64177774 -7.29352656  0.        ]
 [ 3.90320034 -2.27239746  0.03730593]
 [-0.17933947 -0.41207969 -0.01614446]
 [-0.22617847  0.63028418  0.        ]
 [-0.10537859 -0.49142463 -0.01631827]
 [ 0.26614071  1.19539038  0.02712537]
 [-0.03312633  0.          0.        ]
 [ 0.03334621  0.23678893 -0.01390631]
 [ 0.05138795  0.05176146  0.        ]
 [-0.52171307 -7.82722118  0.        ]
 [-0.10830153 -1.27009362  0.01962292]
 [-0.18474413 -0.19957773  0.01031446]
 [ 0.21771834 -0.72689641  0.03693046]
 [ 0.01808032 -0.1507566   0.        ]
 [ 0.01725089  0.01131581  0.        ]
 [-0.04372578 -0.1679488   0.        ]
 [ 0.          0.          0.        ]
 [ 0.         -0.01753784  0.        ]
 [ 0.          0.          0.        ]]
4
Finished successfully! number of iterations:  4
0.0775294243452
[[ 0.03863267  1.16238245  4.79442438]
 [-0.64145512 -7.29328297  0.        ]
 [ 3.90318179 -2.27312718  0.03603806]
 [-0.17921215 -0.41193282 -0.01580598]
 [-0.22610974  0.63012773  0.        ]
 [-0.10501257 -0.49082576 -0.01556514]
 [ 0.26611838  1.19570528  0.02600383]
 [-0.03329929  0.          0.        ]
 [ 0.03337935  0.23696506 -0.01372774]
 [ 0.05136729  0.05169725  0.        ]
 [-0.52244    -7.82726877  0.        ]
 [-0.10797556 -1.26967156  0.01941724]
 [-0.18399129 -0.20026336  0.01216919]
 [ 0.21779004 -0.72722012  0.03572326]
 [ 0.01807592 -0.1507013   0.        ]
 [ 0.01724038  0.01126129  0.        ]
 [-0.04368583 -0.16808782  0.        ]
 [ 0.          0.          0.        ]
 [ 0.         -0.01754609  0.        ]
 [ 0.          0.          0.        ]]
Time taken for 3Dd timepoints exp:  31.581510543823242 , number of time points:  61
Avg AR burnin:  0.279458333333 , Avg AR sampling:  0.1085375

 Estimated ordinary:  [[-0.00654639  0.03237988  0.93554794 -0.0405947  -0.04028741 -0.02646101
   0.04741601 -0.00839074  0.00841091  0.00915244 -0.05374349 -0.01923869
  -0.0327829   0.0224041   0.0032207   0.00434422 -0.00778378  0.          0.
   0.        ]
 [-0.04163505  0.61350237 -0.11900176 -0.04699791  0.11227387 -0.123678
   0.21304642  0.          0.05971032  0.00921123 -0.8051925  -0.22622547
  -0.0356822  -0.07480926 -0.02685141  0.00283761 -0.02994928  0.
  -0.0031263   0.        ]
 [ 1.20346308 -0.00216826 -0.00540342 -0.00398278  0.         -0.0039221
   0.00463327  0.         -0.00345911  0.          0.          0.00345969
   0.00216826  0.00367486  0.          0.          0.          0.          0.
   0.        ]] 
 True ordinary:  [[ 0.    0.    1.    0.    0.    0.    0.    0.    0.    0.    0.    0.    0.
   0.    0.    0.    0.    0.    0.    0.  ]
 [ 0.5   1.   -0.3   0.    0.    0.    0.    0.    0.   -0.25 -1.    0.    0.
   0.    0.    0.    0.    0.    0.    0.  ]
 [ 1.2   0.    0.    0.    0.    0.    0.    0.    0.    0.    0.    0.    0.
   0.    0.    0.    0.    0.    0.    0.  ]]

 Estimated hermite:  [[ 0.03863267 -0.64145512  3.90318179 -0.17921215 -0.22610974 -0.10501257
   0.26611838 -0.03329929  0.03337935  0.05136729 -0.52244    -0.10797556
  -0.18399129  0.21779004  0.01807592  0.01724038 -0.04368583  0.          0.
   0.        ]
 [ 1.16238245 -7.29328297 -2.27312718 -0.41193282  0.63012773 -0.49082576
   1.19570528  0.          0.23696506  0.05169725 -7.82726877 -1.26967156
  -0.20026336 -0.72722012 -0.1507013   0.01126129 -0.16808782  0.
  -0.01754609  0.        ]
 [ 4.79442438  0.          0.03603806 -0.01580598  0.         -0.01556514
   0.02600383  0.         -0.01372774  0.          0.          0.01941724
   0.01216919  0.03572326  0.          0.          0.          0.          0.
   0.        ]] 
 True hermite:  [[ 0.          0.          3.96857782  0.          0.          0.          0.
   0.          0.          0.          0.          0.          0.          0.
   0.          0.          0.          0.          0.          0.        ]
 [ 0.99214446 -7.93715565 -1.19057335  0.          0.          0.          0.
   0.          0.         -1.40310415 -9.72099067  0.          0.          0.
   0.          0.          0.          0.          0.          0.        ]
 [ 4.76229339  0.          0.          0.          0.          0.          0.
   0.          0.          0.          0.          0.          0.          0.
   0.          0.          0.          0.          0.          0.        ]]


