My SLURM_ARRAY_TASK_ID:  11
Data shape: (10, 11, 3)
Theta shape: (20, 3)
Theta: [[ 0.0240442   0.14862418  0.41730215]
 [ 0.2213429   0.41391179  0.31232352]
 [ 0.29211138  0.0039107   0.21896628]
 [ 0.29431335  0.4428001   0.16850986]
 [ 0.16978404  0.24317148  0.26897685]
 [ 0.37355543  0.42560327  0.28879279]
 [ 0.11865032  0.3941646   0.0645919 ]
 [ 0.34815485  0.28181016  0.29330843]
 [ 0.3056475   0.43055753  0.20535724]
 [ 0.02013028  0.45171406  0.01673337]
 [ 0.26653358  0.07909471  0.21005771]
 [ 0.4772992   0.32346023  0.21891868]
 [ 0.20523417  0.02954664  0.10419438]
 [ 0.12919779  0.40020064  0.04901038]
 [ 0.09426193  0.29588241  0.43772429]
 [ 0.36901379  0.3542348   0.2371674 ]
 [ 0.33964666  0.23649814  0.39286672]
 [ 0.14773669  0.11584018  0.43722165]
 [ 0.46944419  0.13906628  0.41954562]
 [ 0.25310338  0.2474061   0.17245684]]
1
41.25175719
[[-0.24503924 -0.5205636   4.76312753]
 [-2.44072975 -2.85843267  0.02730889]
 [ 0.07942268 -1.75648728 -0.03239821]
 [-0.63021783  0.64697031  0.        ]
 [-0.09266046  1.41484738 -0.03225136]
 [-0.41661005  0.81982525  0.05589343]
 [-1.57632508 -0.05174346  0.        ]
 [ 0.05122823 -0.36215134  0.        ]
 [ 0.73745356  0.11414476  0.        ]
 [ 0.1957328  -0.18377353  0.        ]
 [-1.83173147 -4.29774555  0.02791245]
 [-0.9387636  -0.76943878 -0.01140251]
 [-1.23205902  0.41854992  0.01590155]
 [ 0.26034366 -0.66441094  0.        ]
 [-0.04054581 -0.16237481  0.        ]
 [ 0.         -0.14163142  0.        ]
 [ 0.11002482  0.15337683  0.        ]
 [ 0.          0.01999735  0.        ]
 [-0.05010692 -0.01658412  0.        ]
 [-0.01820883  0.01759654  0.        ]]
2
1.49965129171
[[-0.23297417 -0.56893327  4.79349933]
 [-2.56191779 -2.87727048  0.02821333]
 [ 0.08274857 -1.658974    0.        ]
 [-0.64547736  0.66385715  0.        ]
 [-0.0829514   1.42601014 -0.02618181]
 [-0.48575209  0.63423792  0.0310286 ]
 [-1.56763336 -0.11464805  0.02958174]
 [ 0.06456357 -0.33598974  0.01246278]
 [ 0.71753289  0.08163202  0.        ]
 [ 0.20015056 -0.18420964  0.        ]
 [-1.86810382 -4.22976628  0.02835403]
 [-0.97391692 -0.79250558  0.        ]
 [-1.28372631  0.52237284  0.04218658]
 [ 0.21793686 -0.58294559  0.01402184]
 [-0.0396361  -0.16086123  0.        ]
 [ 0.         -0.12132174  0.        ]
 [ 0.11322615  0.17150679  0.        ]
 [ 0.          0.0177807   0.        ]
 [-0.04814468 -0.01232344  0.        ]
 [-0.01860875  0.01755739  0.        ]]
3
0.302629902443
[[-0.22571818 -0.5738319   4.79545953]
 [-2.55747009 -2.86105146  0.01597246]
 [ 0.08236473 -1.66871241 -0.01597788]
 [-0.65080467  0.66578255  0.        ]
 [-0.08511106  1.41486993 -0.02060963]
 [-0.47019145  0.64898397  0.0388803 ]
 [-1.56375526 -0.11443447  0.02793795]
 [ 0.06156236 -0.34250426  0.0128215 ]
 [ 0.72415928  0.08477567  0.        ]
 [ 0.20126533 -0.18473456  0.        ]
 [-1.87039485 -4.23400881  0.01559287]
 [-0.97407454 -0.79294293 -0.01110269]
 [-1.28688503  0.51773369  0.03428885]
 [ 0.23931371 -0.58866817  0.        ]
 [-0.03920635 -0.15942367  0.        ]
 [ 0.         -0.12309263  0.        ]
 [ 0.11186444  0.1711526   0.        ]
 [ 0.          0.0184105   0.        ]
 [-0.04876145 -0.01271168  0.        ]
 [-0.01869772  0.01761221  0.        ]]
4
Finished successfully! number of iterations:  4
0.0432652211034
[[-0.22571812 -0.57383195  4.79545945]
 [-2.55747034 -2.86105136  0.01597237]
 [ 0.08236479 -1.66871242 -0.01597798]
 [-0.65080474  0.66578259  0.        ]
 [-0.08511104  1.41486991 -0.02060972]
 [-0.47019158  0.64898399  0.0388803 ]
 [-1.56375522 -0.1144345   0.02793792]
 [ 0.06156235 -0.34250424  0.0128215 ]
 [ 0.72415928  0.08477566  0.        ]
 [ 0.20126534 -0.18473456  0.        ]
 [-1.87039505 -4.23400872  0.01559277]
 [-0.97407445 -0.79294301 -0.01110286]
 [-1.28688522  0.5177338   0.03428886]
 [ 0.23931379 -0.58866819  0.        ]
 [-0.03920638 -0.15942366  0.        ]
 [ 0.         -0.12309264  0.        ]
 [ 0.1118644   0.17115262  0.        ]
 [ 0.          0.0184105   0.        ]
 [-0.04876145 -0.01271168  0.        ]
 [-0.01869772  0.01761221  0.        ]]
Time taken for 3Dd timepoints exp:  6.201507329940796 , number of time points:  11
Avg AR burnin:  0.2495 , Avg AR sampling:  0.102075

 Estimated ordinary:  [[ 0.20105195  0.16208619  0.12914466 -0.17116504 -0.01516478 -0.11847861
  -0.27862422  0.01551245  0.18247325  0.03586073 -0.19240786 -0.17355705
  -0.22929253  0.02461825 -0.00698565  0.          0.01993159  0.
  -0.00868814 -0.00192344]
 [-0.34338538  0.49020529 -0.09526339  0.16023838  0.25209638  0.16353062
  -0.02038952 -0.08630403  0.02136172 -0.03291533 -0.43555321 -0.14128371
   0.09224793 -0.0605564  -0.02840553 -0.03101681  0.03049535  0.00328032
  -0.00226492  0.00181177]
 [ 1.20705145 -0.00689685 -0.00204786  0.         -0.00367216  0.00979704
   0.00497788  0.00323075  0.          0.          0.00160403 -0.00197827
   0.00610946  0.          0.          0.          0.          0.          0.
   0.        ]] 
 True ordinary:  [[ 0.    0.    1.    0.    0.    0.    0.    0.    0.    0.    0.    0.    0.
   0.    0.    0.    0.    0.    0.    0.  ]
 [ 0.5   1.   -0.3   0.    0.    0.    0.    0.    0.   -0.25 -1.    0.    0.
   0.    0.    0.    0.    0.    0.    0.  ]
 [ 1.2   0.    0.    0.    0.    0.    0.    0.    0.    0.    0.    0.    0.
   0.    0.    0.    0.    0.    0.    0.  ]]

 Estimated hermite:  [[-0.22571812 -2.55747034  0.08236479 -0.65080474 -0.08511104 -0.47019158
  -1.56375522  0.06156235  0.72415928  0.20126534 -1.87039505 -0.97407445
  -1.28688522  0.23931379 -0.03920638  0.          0.1118644   0.
  -0.04876145 -0.01869772]
 [-0.57383195 -2.86105136 -1.66871242  0.66578259  1.41486991  0.64898399
  -0.1144345  -0.34250424  0.08477566 -0.18473456 -4.23400872 -0.79294301
   0.5177338  -0.58866819 -0.15942366 -0.12309264  0.17115262  0.0184105
  -0.01271168  0.01761221]
 [ 4.79545945  0.01597237 -0.01597798  0.         -0.02060972  0.0388803
   0.02793792  0.0128215   0.          0.          0.01559277 -0.01110286
   0.03428886  0.          0.          0.          0.          0.          0.
   0.        ]] 
 True hermite:  [[ 0.          0.          3.96857782  0.          0.          0.          0.
   0.          0.          0.          0.          0.          0.          0.
   0.          0.          0.          0.          0.          0.        ]
 [ 0.99214446 -7.93715565 -1.19057335  0.          0.          0.          0.
   0.          0.         -1.40310415 -9.72099067  0.          0.          0.
   0.          0.          0.          0.          0.          0.        ]
 [ 4.76229339  0.          0.          0.          0.          0.          0.
   0.          0.          0.          0.          0.          0.          0.
   0.          0.          0.          0.          0.          0.        ]]


