My SLURM_ARRAY_TASK_ID:  21
Data shape: (10, 21, 3)
Theta shape: (20, 3)
Theta: [[ 0.45875699  0.04669541  0.11505908]
 [ 0.19224466  0.33054295  0.48616254]
 [ 0.0433969   0.01260709  0.03665714]
 [ 0.35027116  0.26755015  0.13036556]
 [ 0.37619545  0.32039351  0.18528248]
 [ 0.19263446  0.47275385  0.25846444]
 [ 0.0674433   0.10166963  0.40799441]
 [ 0.33738627  0.05182394  0.26801524]
 [ 0.30234458  0.15849964  0.21810437]
 [ 0.48467058  0.4167      0.21503242]
 [ 0.43749514  0.09566326  0.49026117]
 [ 0.10223744  0.13748301  0.4658829 ]
 [ 0.11996264  0.18933641  0.23375436]
 [ 0.03972262  0.00923881  0.15927054]
 [ 0.01147807  0.15673025  0.39912139]
 [ 0.21220591  0.47185752  0.47198554]
 [ 0.03472094  0.30622092  0.21160519]
 [ 0.00386607  0.4258042   0.1494613 ]
 [ 0.32870166  0.34150884  0.37870764]
 [ 0.40506411  0.04573072  0.31944788]]
1
49.1713406548
[[ 0.54935696  0.85893634  4.7865675 ]
 [-1.34570793 -7.36757373  0.01600235]
 [ 3.41508182 -3.17332045  0.04229153]
 [-0.23062998 -0.35807795 -0.01918136]
 [ 0.34015624 -0.20280824  0.        ]
 [ 0.13546729 -0.52788533  0.        ]
 [ 0.47846972  0.31143451  0.01560279]
 [ 0.08702412 -0.12216246  0.        ]
 [ 0.0459131   0.10213759  0.        ]
 [ 0.04962001  0.04571066  0.        ]
 [-1.2005353  -7.80477536  0.        ]
 [-0.24579088 -0.43434298  0.        ]
 [-0.09855288 -0.80126962  0.03084278]
 [-0.17555702 -2.60731566  0.06267764]
 [-0.07058297 -0.07752998  0.        ]
 [-0.02991604  0.0585214   0.        ]
 [-0.05579039 -0.02614881  0.        ]
 [ 0.          0.01083044  0.        ]
 [ 0.         -0.01145802  0.        ]
 [ 0.          0.          0.        ]]
2
0.992003153619
[[ 0.5561985   0.87044794  4.79261661]
 [-1.38917016 -7.38932576  0.02042319]
 [ 3.32945607 -3.3228194   0.04524316]
 [-0.23203231 -0.3503177  -0.02014412]
 [ 0.36752609 -0.20283815  0.        ]
 [ 0.1656918  -0.51864354  0.        ]
 [ 0.5000397   0.32486004  0.        ]
 [ 0.08745901 -0.11105625  0.        ]
 [ 0.05150641  0.11616675  0.        ]
 [ 0.04884608  0.04344276  0.        ]
 [-1.2463831  -7.80830303  0.        ]
 [-0.30291406 -0.46313697  0.01905746]
 [-0.11588795 -0.74112603  0.02996235]
 [-0.25051036 -2.72506342  0.06395738]
 [-0.07493314 -0.07619197  0.        ]
 [-0.03353213  0.05799101  0.        ]
 [-0.05989676 -0.02245256  0.        ]
 [ 0.          0.          0.        ]
 [ 0.         -0.01324961  0.        ]
 [ 0.          0.          0.        ]]
3
0.200275703176
[[ 0.56025337  0.87181408  4.79134618]
 [-1.39729975 -7.38877551  0.02524886]
 [ 3.32194069 -3.31636292  0.03967241]
 [-0.23282618 -0.3510576  -0.02015068]
 [ 0.36846737 -0.20429561  0.        ]
 [ 0.16537542 -0.52162539  0.01205511]
 [ 0.5054263   0.32544837  0.        ]
 [ 0.08726047 -0.11114151  0.        ]
 [ 0.05106953  0.11643175  0.        ]
 [ 0.04907971  0.04363335  0.        ]
 [-1.25349623 -7.80681381  0.        ]
 [-0.29557195 -0.45673865  0.01127935]
 [-0.12321298 -0.74196202  0.03168173]
 [-0.2613995  -2.71874538  0.06251775]
 [-0.07493749 -0.07611379  0.        ]
 [-0.03345641  0.05848221  0.        ]
 [-0.05958225 -0.02271165  0.        ]
 [ 0.          0.          0.        ]
 [ 0.         -0.01325112  0.        ]
 [ 0.          0.          0.        ]]
4
Finished successfully! number of iterations:  4
0.0755644809308
[[ 0.56022548  0.87187526  4.79130033]
 [-1.39725772 -7.38889185  0.02532956]
 [ 3.32194947 -3.31633177  0.03967486]
 [-0.2328232  -0.35107989 -0.0201386 ]
 [ 0.3684446  -0.20423511  0.        ]
 [ 0.1653962  -0.52166959  0.01208778]
 [ 0.50538856  0.32551592  0.        ]
 [ 0.08726737 -0.11114637  0.        ]
 [ 0.05106763  0.11643673  0.        ]
 [ 0.04908147  0.04363584  0.        ]
 [-1.25348012 -7.80692141  0.        ]
 [-0.29559464 -0.4566267   0.01119901]
 [-0.12312468 -0.74206938  0.03176612]
 [-0.26138288 -2.71873544  0.06254251]
 [-0.07493306 -0.07613175  0.        ]
 [-0.03346863  0.05849515  0.        ]
 [-0.05957425 -0.02272395  0.        ]
 [ 0.          0.          0.        ]
 [ 0.         -0.01325158  0.        ]
 [ 0.          0.          0.        ]]
Time taken for 3Dd timepoints exp:  11.158580780029297 , number of time points:  21
Avg AR burnin:  0.2395 , Avg AR sampling:  0.0459375

 Estimated ordinary:  [[ -2.32762760e-02   5.66948494e-02   9.70396437e-01  -3.47006346e-02
    6.56481196e-02   4.16764407e-02   9.00482975e-02   2.19895816e-02
    1.28679937e-02   8.74515819e-03  -1.28945718e-01  -5.26679790e-02
   -2.19379075e-02  -2.68885021e-02  -1.33513005e-02  -8.43340727e-03
   -1.06147233e-02   0.00000000e+00   0.00000000e+00   0.00000000e+00]
 [  1.90310386e-01   6.79668517e-01   8.71041615e-02  -7.08511631e-02
   -3.63898702e-02  -1.31450008e-01   5.79992440e-02  -2.80066000e-02
    2.93396626e-02   7.77487532e-03  -8.03099362e-01  -8.13600876e-02
   -1.32219227e-01  -2.79676787e-01  -1.35648792e-02   1.47395758e-02
   -4.04887042e-03   0.00000000e+00  -2.36111911e-03   0.00000000e+00]
 [  1.20730915e+00   7.22556014e-04  -1.12994286e-02  -5.07451199e-03
    0.00000000e+00   3.04587313e-03   0.00000000e+00   0.00000000e+00
    0.00000000e+00   0.00000000e+00   0.00000000e+00   1.99539932e-03
    5.65997202e-03   6.43375923e-03   0.00000000e+00   0.00000000e+00
    0.00000000e+00   0.00000000e+00   0.00000000e+00   0.00000000e+00]] 
 True ordinary:  [[ 0.    0.    1.    0.    0.    0.    0.    0.    0.    0.    0.    0.    0.
   0.    0.    0.    0.    0.    0.    0.  ]
 [ 0.5   1.   -0.3   0.    0.    0.    0.    0.    0.   -0.25 -1.    0.    0.
   0.    0.    0.    0.    0.    0.    0.  ]
 [ 1.2   0.    0.    0.    0.    0.    0.    0.    0.    0.    0.    0.    0.
   0.    0.    0.    0.    0.    0.    0.  ]]

 Estimated hermite:  [[ 0.56022548 -1.39725772  3.32194947 -0.2328232   0.3684446   0.1653962
   0.50538856  0.08726737  0.05106763  0.04908147 -1.25348012 -0.29559464
  -0.12312468 -0.26138288 -0.07493306 -0.03346863 -0.05957425  0.          0.
   0.        ]
 [ 0.87187526 -7.38889185 -3.31633177 -0.35107989 -0.20423511 -0.52166959
   0.32551592 -0.11114637  0.11643673  0.04363584 -7.80692141 -0.4566267
  -0.74206938 -2.71873544 -0.07613175  0.05849515 -0.02272395  0.
  -0.01325158  0.        ]
 [ 4.79130033  0.02532956  0.03967486 -0.0201386   0.          0.01208778
   0.          0.          0.          0.          0.          0.01119901
   0.03176612  0.06254251  0.          0.          0.          0.          0.
   0.        ]] 
 True hermite:  [[ 0.          0.          3.96857782  0.          0.          0.          0.
   0.          0.          0.          0.          0.          0.          0.
   0.          0.          0.          0.          0.          0.        ]
 [ 0.99214446 -7.93715565 -1.19057335  0.          0.          0.          0.
   0.          0.         -1.40310415 -9.72099067  0.          0.          0.
   0.          0.          0.          0.          0.          0.        ]
 [ 4.76229339  0.          0.          0.          0.          0.          0.
   0.          0.          0.          0.          0.          0.          0.
   0.          0.          0.          0.          0.          0.        ]]


