My SLURM_ARRAY_TASK_ID:  71
Data shape: (10, 71, 3)
Theta shape: (20, 3)
Theta: [[ 0.03849045  0.08832611  0.41143378]
 [ 0.44691602  0.34722697  0.00478352]
 [ 0.45676515  0.40365871  0.28524092]
 [ 0.09150754  0.33423476  0.13247795]
 [ 0.32220641  0.3079294   0.27389628]
 [ 0.46477079  0.14991334  0.48079474]
 [ 0.40580421  0.33816388  0.17729965]
 [ 0.27860141  0.45476845  0.15438133]
 [ 0.24462033  0.0601533   0.43793153]
 [ 0.16888329  0.24707507  0.22443768]
 [ 0.41768038  0.36544415  0.06730122]
 [ 0.212447    0.48466933  0.15237342]
 [ 0.18480226  0.05731585  0.37293498]
 [ 0.31469914  0.38947836  0.08763211]
 [ 0.28990987  0.42429247  0.49788387]
 [ 0.42542626  0.33036313  0.04898674]
 [ 0.47678953  0.17365731  0.35778045]
 [ 0.31310485  0.20538988  0.0129089 ]
 [ 0.46652483  0.12206898  0.14459344]
 [ 0.00809449  0.0660423   0.38437624]]
1
47.8519682458
[[  0.10031812   1.13025996   4.78980092]
 [ -0.21493759  -8.38889437   0.0200797 ]
 [  3.8647841   -1.7183667    0.04160249]
 [ -0.05174961  -0.61376805  -0.0181225 ]
 [  0.01587871   0.1667243   -0.01616405]
 [ -0.01198179  -0.34832831  -0.01165264]
 [ -0.04183832   0.60430166   0.02201445]
 [  0.          -0.19776082   0.        ]
 [  0.           0.2636291    0.        ]
 [  0.01069799   0.10314046   0.        ]
 [ -0.25387489 -10.04307424   0.        ]
 [ -0.06198567  -0.7137368    0.        ]
 [ -0.14286669  -0.86655909   0.01356625]
 [ -0.03064604  -0.21185875   0.05906531]
 [  0.          -0.12240663   0.        ]
 [  0.           0.           0.        ]
 [  0.          -0.14821418   0.        ]
 [  0.           0.01855284   0.        ]
 [  0.          -0.01726151   0.        ]
 [  0.           0.           0.        ]]
2
0.361553603408
[[  0.10472674   1.13251469   4.78961105]
 [ -0.21746289  -8.40716047   0.02543672]
 [  3.85340206  -1.73849103   0.05770668]
 [ -0.05174597  -0.61292613  -0.01831468]
 [  0.02264369   0.17122641  -0.01429026]
 [ -0.01116898  -0.34569157  -0.01763186]
 [ -0.03051257   0.59550792   0.01849644]
 [  0.          -0.19713263   0.        ]
 [  0.           0.26855448   0.        ]
 [  0.01018111   0.10278036   0.        ]
 [ -0.25014112 -10.07755415   0.        ]
 [ -0.08942618  -0.7244877    0.01026282]
 [ -0.14223166  -0.84158697   0.02578224]
 [ -0.04376857  -0.21831645   0.0720845 ]
 [  0.          -0.12238685   0.        ]
 [  0.           0.           0.        ]
 [  0.          -0.14814814   0.        ]
 [  0.           0.01840319   0.        ]
 [  0.          -0.01779387   0.        ]
 [  0.           0.           0.        ]]
3
Finished successfully! number of iterations:  3
0.0741536540882
[[  0.10459189   1.13240274   4.78974534]
 [ -0.21720065  -8.40716759   0.02538794]
 [  3.85307672  -1.73852301   0.05751911]
 [ -0.05169595  -0.61289724  -0.01836242]
 [  0.02242679   0.17117412  -0.01412239]
 [ -0.01103163  -0.34560442  -0.01771518]
 [ -0.03086898   0.59527911   0.01872499]
 [  0.          -0.19710728   0.        ]
 [  0.           0.26849909   0.        ]
 [  0.01016289   0.10277042   0.        ]
 [ -0.24994129 -10.07759486   0.        ]
 [ -0.08982222  -0.72452647   0.01020162]
 [ -0.14185982  -0.84139092   0.0257848 ]
 [ -0.04412038  -0.21845615   0.0719915 ]
 [  0.          -0.122375     0.        ]
 [  0.           0.           0.        ]
 [  0.          -0.14813934   0.        ]
 [  0.           0.01840134   0.        ]
 [  0.          -0.01778773   0.        ]
 [  0.           0.           0.        ]]
Time taken for 3Dd timepoints exp:  25.807730436325073 , number of time points:  71
Avg AR burnin:  0.276523809524 , Avg AR sampling:  0.0965904761905

 Estimated ordinary:  [[ 0.02604842  0.04768048  1.00051631 -0.01302632  0.00399592 -0.00277974
  -0.00550012  0.          0.          0.00181079 -0.0257115  -0.0160042
  -0.02527607 -0.00453867  0.          0.          0.          0.          0.
   0.        ]
 [ 0.13046709  1.13825575 -0.23839133 -0.10623824  0.03049918 -0.08708521
   0.10606467 -0.04966698  0.06765625  0.01831126 -1.03668393 -0.1290935
  -0.14991598 -0.02247262 -0.02180433  0.         -0.02639493  0.00327868
  -0.00316935  0.        ]
 [ 1.20609725  0.001803   -0.00954139 -0.00462695 -0.00251628 -0.00446386
   0.00333635  0.          0.          0.          0.          0.00181769
   0.00459424  0.00740578  0.          0.          0.          0.          0.
   0.        ]] 
 True ordinary:  [[ 0.    0.    1.    0.    0.    0.    0.    0.    0.    0.    0.    0.    0.
   0.    0.    0.    0.    0.    0.    0.  ]
 [ 0.5   1.   -0.3   0.    0.    0.    0.    0.    0.   -0.25 -1.    0.    0.
   0.    0.    0.    0.    0.    0.    0.  ]
 [ 1.2   0.    0.    0.    0.    0.    0.    0.    0.    0.    0.    0.    0.
   0.    0.    0.    0.    0.    0.    0.  ]]

 Estimated hermite:  [[  0.10459189  -0.21720065   3.85307672  -0.05169595   0.02242679
   -0.01103163  -0.03086898   0.           0.           0.01016289
   -0.24994129  -0.08982222  -0.14185982  -0.04412038   0.           0.
    0.           0.           0.           0.        ]
 [  1.13240274  -8.40716759  -1.73852301  -0.61289724   0.17117412
   -0.34560442   0.59527911  -0.19710728   0.26849909   0.10277042
  -10.07759486  -0.72452647  -0.84139092  -0.21845615  -0.122375     0.
   -0.14813934   0.01840134  -0.01778773   0.        ]
 [  4.78974534   0.02538794   0.05751911  -0.01836242  -0.01412239
   -0.01771518   0.01872499   0.           0.           0.           0.
    0.01020162   0.0257848    0.0719915    0.           0.           0.
    0.           0.           0.        ]] 
 True hermite:  [[ 0.          0.          3.96857782  0.          0.          0.          0.
   0.          0.          0.          0.          0.          0.          0.
   0.          0.          0.          0.          0.          0.        ]
 [ 0.99214446 -7.93715565 -1.19057335  0.          0.          0.          0.
   0.          0.         -1.40310415 -9.72099067  0.          0.          0.
   0.          0.          0.          0.          0.          0.        ]
 [ 4.76229339  0.          0.          0.          0.          0.          0.
   0.          0.          0.          0.          0.          0.          0.
   0.          0.          0.          0.          0.          0.        ]]


