My SLURM_ARRAY_TASK_ID:  91
Data shape: (10, 91, 3)
Theta shape: (20, 3)
Theta: [[  4.71608793e-01   1.49942322e-01   1.26620293e-01]
 [  4.81543288e-01   2.20387204e-01   4.03544498e-02]
 [  1.19916895e-02   3.82133287e-01   9.33024128e-02]
 [  1.10763740e-01   2.15872406e-01   1.30900677e-01]
 [  2.22554182e-01   9.13167216e-05   7.80279575e-02]
 [  3.97424456e-01   4.68288468e-01   1.03404990e-01]
 [  4.64173961e-02   1.86344823e-01   3.96361141e-01]
 [  3.25450936e-01   3.51594569e-01   4.46862658e-01]
 [  3.23670431e-01   2.24362477e-01   3.52796871e-01]
 [  1.23065684e-01   3.14656082e-01   1.22712189e-01]
 [  1.01927654e-01   1.61140344e-01   3.53303668e-01]
 [  1.32708956e-01   4.22186286e-01   2.68944331e-01]
 [  1.94985687e-01   1.00076083e-01   4.77500287e-01]
 [  3.76956725e-03   4.42125275e-01   1.39804074e-03]
 [  2.59088943e-01   2.36827735e-01   3.04247415e-01]
 [  1.28434009e-01   2.64029156e-01   1.35873921e-02]
 [  3.73984544e-01   3.71796961e-01   2.74548672e-01]
 [  1.02107949e-01   3.11365280e-01   1.17496747e-01]
 [  2.61904377e-01   3.14855159e-01   2.79152969e-01]
 [  1.05522549e-01   1.53730127e-01   9.54487192e-02]]
1
46.0786020492
[[ 0.04158199  1.13630849  4.79176715]
 [-0.15695677 -8.13342683  0.02546796]
 [ 3.98925073 -1.74205794  0.0423144 ]
 [-0.03387341 -0.58208763 -0.01969101]
 [-0.0130622   0.20455757  0.        ]
 [-0.01827255 -0.25894829 -0.01749101]
 [ 0.01581569  0.5770262   0.01833316]
 [ 0.         -0.20810301  0.        ]
 [ 0.          0.25952098  0.        ]
 [ 0.          0.093928    0.        ]
 [-0.22837667 -9.84205187  0.        ]
 [ 0.         -0.48262161  0.        ]
 [ 0.         -0.72510801  0.01851923]
 [ 0.05484694 -0.40483291  0.05408937]
 [ 0.         -0.13037124  0.        ]
 [ 0.          0.          0.        ]
 [ 0.         -0.13091181  0.        ]
 [ 0.          0.01942075  0.        ]
 [ 0.         -0.01786199  0.        ]
 [ 0.          0.          0.        ]]
2
0.422158569174
[[ 0.04054904  1.12932939  4.79132789]
 [-0.1662717  -8.15123014  0.02455789]
 [ 3.97529041 -1.7553148   0.05183899]
 [-0.03179603 -0.57939349 -0.01966016]
 [-0.01051926  0.21624505 -0.01152148]
 [-0.01114281 -0.26149909 -0.02084769]
 [ 0.02124007  0.55502037  0.        ]
 [ 0.         -0.21070947  0.        ]
 [ 0.          0.26087573  0.        ]
 [ 0.          0.0941184   0.        ]
 [-0.23622711 -9.88400154  0.        ]
 [-0.02495098 -0.4712018   0.01372595]
 [ 0.01620447 -0.69690893  0.02132342]
 [ 0.04073107 -0.42743671  0.06223804]
 [ 0.         -0.12978459  0.        ]
 [ 0.          0.          0.        ]
 [ 0.         -0.12804482  0.        ]
 [ 0.          0.01957167  0.        ]
 [ 0.         -0.01814324  0.        ]
 [ 0.          0.          0.        ]]
3
0.143764727447
[[ 0.04162967  1.1276797   4.79098767]
 [-0.16849299 -8.14980903  0.02605441]
 [ 3.9732822  -1.74760876  0.05832023]
 [-0.03250482 -0.57959301 -0.01999192]
 [-0.0104051   0.21292655 -0.01012502]
 [-0.01195511 -0.26289348 -0.02378247]
 [ 0.02277457  0.55625646  0.        ]
 [ 0.         -0.21036947  0.        ]
 [ 0.          0.25940055  0.        ]
 [ 0.          0.0942783   0.        ]
 [-0.23580328 -9.88364644  0.        ]
 [-0.02516005 -0.46846144  0.01748504]
 [ 0.01483136 -0.69230544  0.02160149]
 [ 0.04000544 -0.42240991  0.06820017]
 [ 0.         -0.12959639  0.        ]
 [ 0.          0.          0.        ]
 [ 0.         -0.12815312  0.        ]
 [ 0.          0.01953406  0.        ]
 [ 0.         -0.01795739  0.        ]
 [ 0.          0.          0.        ]]
4
0.14348675387
[[ 0.04059803  1.12952908  4.79114741]
 [-0.1658382  -8.14981641  0.02440794]
 [ 3.97439588 -1.75661637  0.05152805]
 [-0.03178765 -0.57951    -0.01950828]
 [-0.01044998  0.21518853 -0.01187992]
 [-0.011254   -0.26184454 -0.02016366]
 [ 0.02088096  0.55579212  0.        ]
 [ 0.         -0.21062827  0.        ]
 [ 0.          0.2609292   0.        ]
 [ 0.          0.0941277   0.        ]
 [-0.23576872 -9.88189892  0.        ]
 [-0.02436631 -0.47141609  0.01434793]
 [ 0.01626125 -0.6963226   0.02093399]
 [ 0.039593   -0.42881911  0.0625743 ]
 [ 0.         -0.12962246  0.        ]
 [ 0.          0.          0.        ]
 [ 0.         -0.12814144  0.        ]
 [ 0.          0.01955876  0.        ]
 [ 0.         -0.0181581   0.        ]
 [ 0.          0.          0.        ]]
5
Finished successfully! number of iterations:  5
0.0913787513401
[[ 0.04081257  1.12989549  4.79146904]
 [-0.16631692 -8.15068328  0.0240991 ]
 [ 3.97405829 -1.75721833  0.05198491]
 [-0.03185559 -0.57967832 -0.01979033]
 [-0.01045426  0.21567238 -0.01131934]
 [-0.01095058 -0.26113901 -0.02007717]
 [ 0.02146286  0.55597786  0.        ]
 [ 0.         -0.21051178  0.        ]
 [ 0.          0.26112911  0.        ]
 [ 0.          0.09418451  0.        ]
 [-0.23588239 -9.88281615  0.        ]
 [-0.0249786  -0.47196799  0.01370481]
 [ 0.01588879 -0.69681594  0.02113198]
 [ 0.03944121 -0.42874061  0.06313697]
 [ 0.         -0.12974537  0.        ]
 [ 0.          0.          0.        ]
 [ 0.         -0.12813891  0.        ]
 [ 0.          0.01954354  0.        ]
 [ 0.         -0.01817348  0.        ]
 [ 0.          0.          0.        ]]
Time taken for 3Dd timepoints exp:  59.00227761268616 , number of time points:  91
Avg AR burnin:  0.305577777778 , Avg AR sampling:  0.138017777778

 Estimated ordinary:  [[ 0.00832246  0.02805634  0.99365959 -0.00802695 -0.0018627  -0.00275932
   0.00382417  0.          0.          0.         -0.02426526 -0.0044506
   0.00283101  0.00405732  0.          0.          0.          0.          0.
   0.        ]
 [ 0.13043914  1.11681041 -0.22313739 -0.10011813  0.03842772 -0.06580166
   0.09906212 -0.05304464  0.06579917  0.01678145 -1.01664702 -0.08409354
  -0.12415613 -0.04410462 -0.02311756  0.         -0.02283133  0.0034822
  -0.00323808  0.        ]
 [ 1.2093685   0.00230726 -0.00882748 -0.00498676 -0.00201684 -0.00505903
   0.          0.          0.          0.          0.          0.00244187
   0.00376522  0.00649491  0.          0.          0.          0.          0.
   0.        ]] 
 True ordinary:  [[ 0.    0.    1.    0.    0.    0.    0.    0.    0.    0.    0.    0.    0.
   0.    0.    0.    0.    0.    0.    0.  ]
 [ 0.5   1.   -0.3   0.    0.    0.    0.    0.    0.   -0.25 -1.    0.    0.
   0.    0.    0.    0.    0.    0.    0.  ]
 [ 1.2   0.    0.    0.    0.    0.    0.    0.    0.    0.    0.    0.    0.
   0.    0.    0.    0.    0.    0.    0.  ]]

 Estimated hermite:  [[ 0.04081257 -0.16631692  3.97405829 -0.03185559 -0.01045426 -0.01095058
   0.02146286  0.          0.          0.         -0.23588239 -0.0249786
   0.01588879  0.03944121  0.          0.          0.          0.          0.
   0.        ]
 [ 1.12989549 -8.15068328 -1.75721833 -0.57967832  0.21567238 -0.26113901
   0.55597786 -0.21051178  0.26112911  0.09418451 -9.88281615 -0.47196799
  -0.69681594 -0.42874061 -0.12974537  0.         -0.12813891  0.01954354
  -0.01817348  0.        ]
 [ 4.79146904  0.0240991   0.05198491 -0.01979033 -0.01131934 -0.02007717
   0.          0.          0.          0.          0.          0.01370481
   0.02113198  0.06313697  0.          0.          0.          0.          0.
   0.        ]] 
 True hermite:  [[ 0.          0.          3.96857782  0.          0.          0.          0.
   0.          0.          0.          0.          0.          0.          0.
   0.          0.          0.          0.          0.          0.        ]
 [ 0.99214446 -7.93715565 -1.19057335  0.          0.          0.          0.
   0.          0.         -1.40310415 -9.72099067  0.          0.          0.
   0.          0.          0.          0.          0.          0.        ]
 [ 4.76229339  0.          0.          0.          0.          0.          0.
   0.          0.          0.          0.          0.          0.          0.
   0.          0.          0.          0.          0.          0.        ]]


