My SLURM_ARRAY_TASK_ID:  3
Data shape: (10, 101, 3)
Theta shape: (20, 3)
Theta: [[ 0.34664196  0.25183255  0.40276944]
 [ 0.48210886  0.01385105  0.03288714]
 [ 0.07223528  0.34937705  0.38746469]
 [ 0.00884539  0.19363712  0.28630917]
 [ 0.31095019  0.20084685  0.32974774]
 [ 0.42286306  0.47986154  0.28338669]
 [ 0.08662225  0.14851088  0.066509  ]
 [ 0.04509954  0.48594069  0.46471828]
 [ 0.1288672   0.21055283  0.42534017]
 [ 0.25276972  0.14353123  0.3329632 ]
 [ 0.48620532  0.21173845  0.1719289 ]
 [ 0.485762    0.44448524  0.10356807]
 [ 0.03181085  0.4422931   0.1299715 ]
 [ 0.04678384  0.2993534   0.42688596]
 [ 0.03806899  0.00897111  0.35013534]
 [ 0.08479706  0.22511687  0.44584501]
 [ 0.21378667  0.06707632  0.15881496]
 [ 0.26227748  0.15668465  0.35637298]
 [ 0.24100477  0.42865634  0.08340639]
 [ 0.39328556  0.08053547  0.43284047]]
1
45.1159031626
[[ 0.03856407  1.13551229  4.78715196]
 [-0.05770057 -8.05873277  0.02327898]
 [ 4.00887581 -1.5194892   0.05615534]
 [-0.02590959 -0.58802401 -0.01980884]
 [ 0.          0.21007411 -0.0110788 ]
 [-0.01547306 -0.23665833 -0.0172658 ]
 [ 0.01022285  0.5721954   0.        ]
 [ 0.         -0.20698865  0.        ]
 [ 0.          0.26425692  0.        ]
 [ 0.          0.09721001  0.        ]
 [-0.09438994 -9.88932739  0.        ]
 [ 0.         -0.32388296  0.        ]
 [ 0.01544551 -0.58409454  0.02222391]
 [ 0.06602008 -0.2209322   0.06872012]
 [ 0.         -0.1276801   0.        ]
 [ 0.          0.          0.        ]
 [ 0.         -0.12725891  0.        ]
 [ 0.          0.01907902  0.        ]
 [ 0.         -0.01808682  0.        ]
 [ 0.          0.          0.        ]]
2
0.337569894672
[[ 0.04315257  1.13796381  4.79097637]
 [-0.06829444 -8.10100308  0.02257158]
 [ 3.98881114 -1.53280634  0.0552339 ]
 [-0.02637719 -0.58605128 -0.0203104 ]
 [ 0.          0.21832438 -0.01242375]
 [ 0.         -0.23263247 -0.01503758]
 [ 0.01962935  0.57097066  0.01010166]
 [ 0.         -0.20463276  0.        ]
 [ 0.          0.26540051  0.        ]
 [ 0.          0.09684011  0.        ]
 [-0.09816398 -9.93726639  0.        ]
 [-0.01137554 -0.31722905  0.01079371]
 [ 0.01786338 -0.57169531  0.0237069 ]
 [ 0.05127007 -0.23654998  0.06972358]
 [ 0.         -0.12742864  0.        ]
 [ 0.          0.          0.        ]
 [ 0.         -0.12741734  0.        ]
 [ 0.          0.01880439  0.        ]
 [ 0.         -0.01826108  0.        ]
 [ 0.          0.          0.        ]]
3
Finished successfully! number of iterations:  3
0.0720115994574
[[ 0.04331151  1.1379764   4.79106927]
 [-0.06841472 -8.10106608  0.02256831]
 [ 3.98854362 -1.53231615  0.05509181]
 [-0.02640809 -0.58609632 -0.02032737]
 [ 0.          0.21845845 -0.01243713]
 [ 0.         -0.23262251 -0.01489233]
 [ 0.01980762  0.57077675  0.01038509]
 [ 0.         -0.20456651  0.        ]
 [ 0.          0.26541911  0.        ]
 [ 0.          0.09686285  0.        ]
 [-0.098102   -9.93722093  0.        ]
 [-0.01142242 -0.31730109  0.01067962]
 [ 0.01759179 -0.57163783  0.02365315]
 [ 0.05111065 -0.2358696   0.06972444]
 [ 0.         -0.12742676  0.        ]
 [ 0.          0.          0.        ]
 [ 0.         -0.12737894  0.        ]
 [ 0.          0.01879588  0.        ]
 [ 0.         -0.01826355  0.        ]
 [ 0.          0.          0.        ]]
Time taken for 3Dd noise exp:  37.397982597351074 , noise strength:  [ 0.01  0.01  0.01]
Avg AR burnin:  0.211633333333 , Avg AR sampling:  0.0482966666667

 Estimated ordinary:  [[ 0.00738436  0.00990177  0.99129289 -0.0066543   0.          0.
   0.00352925  0.          0.          0.         -0.01009177 -0.00203521
   0.00313444  0.00525776  0.          0.          0.          0.          0.
   0.        ]
 [ 0.12886492  1.12393225 -0.25353063 -0.10228387  0.03892413 -0.05861609
   0.10169893 -0.05154655  0.06688016  0.01725867 -1.02224364 -0.05653555
  -0.10185235 -0.02426395 -0.02270444  0.         -0.02269592  0.00334898
  -0.00325413  0.        ]
 [ 1.20761656  0.00147232 -0.00953855 -0.00512208 -0.002216   -0.00375256
   0.00185038  0.          0.          0.          0.          0.00190286
   0.00421443  0.00717256  0.          0.          0.          0.          0.
   0.        ]] 
 True ordinary:  [[ 0.    0.    1.    0.    0.    0.    0.    0.    0.    0.    0.    0.    0.
   0.    0.    0.    0.    0.    0.    0.  ]
 [ 0.5   1.   -0.3   0.    0.    0.    0.    0.    0.   -0.25 -1.    0.    0.
   0.    0.    0.    0.    0.    0.    0.  ]
 [ 1.2   0.    0.    0.    0.    0.    0.    0.    0.    0.    0.    0.    0.
   0.    0.    0.    0.    0.    0.    0.  ]]

 Estimated hermite:  [[ 0.04331151 -0.06841472  3.98854362 -0.02640809  0.          0.
   0.01980762  0.          0.          0.         -0.098102   -0.01142242
   0.01759179  0.05111065  0.          0.          0.          0.          0.
   0.        ]
 [ 1.1379764  -8.10106608 -1.53231615 -0.58609632  0.21845845 -0.23262251
   0.57077675 -0.20456651  0.26541911  0.09686285 -9.93722093 -0.31730109
  -0.57163783 -0.2358696  -0.12742676  0.         -0.12737894  0.01879588
  -0.01826355  0.        ]
 [ 4.79106927  0.02256831  0.05509181 -0.02032737 -0.01243713 -0.01489233
   0.01038509  0.          0.          0.          0.          0.01067962
   0.02365315  0.06972444  0.          0.          0.          0.          0.
   0.        ]] 
 True hermite:  [[ 0.          0.          3.96857782  0.          0.          0.          0.
   0.          0.          0.          0.          0.          0.          0.
   0.          0.          0.          0.          0.          0.        ]
 [ 0.99214446 -7.93715565 -1.19057335  0.          0.          0.          0.
   0.          0.         -1.40310415 -9.72099067  0.          0.          0.
   0.          0.          0.          0.          0.          0.        ]
 [ 4.76229339  0.          0.          0.          0.          0.          0.
   0.          0.          0.          0.          0.          0.          0.
   0.          0.          0.          0.          0.          0.        ]]


