Data shape: (2, 51, 4)
Theta shape: (35, 4)
Theta: [[ 0.24803653  0.37609767  0.47108927  0.09867319]
 [ 0.25739066  0.20416397  0.26342603  0.26440164]
 [ 0.40834714  0.30253607  0.37360708  0.24305204]
 [ 0.04187711  0.14123658  0.16124893  0.11652982]
 [ 0.03260078  0.28653098  0.35601387  0.19880993]
 [ 0.42801179  0.06652014  0.25929166  0.20972593]
 [ 0.35901374  0.23379429  0.31312061  0.24140576]
 [ 0.12274305  0.44687712  0.17896601  0.42848836]
 [ 0.1819507   0.23488112  0.08518069  0.0477596 ]
 [ 0.38437759  0.31518845  0.00440288  0.47800669]
 [ 0.12436539  0.2035436   0.30601686  0.18110855]
 [ 0.41786127  0.11359843  0.22961919  0.47247077]
 [ 0.31235394  0.41477147  0.47466646  0.48906347]
 [ 0.21221584  0.28793149  0.13372917  0.45566113]
 [ 0.49634074  0.13734745  0.00887215  0.17606596]
 [ 0.40042543  0.28855304  0.25198165  0.20415017]
 [ 0.29689513  0.17106618  0.37189369  0.28618829]
 [ 0.05197906  0.3827774   0.35043023  0.44299493]
 [ 0.23789364  0.24394768  0.04456897  0.23241715]
 [ 0.46829551  0.33198794  0.4302228   0.44651433]
 [ 0.00581048  0.13721465  0.26876684  0.32104038]
 [ 0.36021822  0.40813933  0.42983078  0.09068133]
 [ 0.17907723  0.0081391   0.04862051  0.26476703]
 [ 0.32124474  0.11253739  0.35259543  0.04197076]
 [ 0.21095007  0.22096073  0.40977143  0.29411939]
 [ 0.25906724  0.33268037  0.19982853  0.13338613]
 [ 0.40128798  0.4226394   0.07505894  0.39411233]
 [ 0.24720871  0.43464257  0.18735961  0.19450055]
 [ 0.48438903  0.21122791  0.23299445  0.31135277]
 [ 0.01284387  0.04424641  0.40100692  0.38347557]
 [ 0.48888094  0.30346967  0.11692119  0.40466755]
 [ 0.07772922  0.17933808  0.09533939  0.27578246]
 [ 0.25269885  0.08669577  0.0539276   0.41849016]
 [ 0.1872293   0.20893557  0.17579516  0.43349933]
 [ 0.39378875  0.01417006  0.19479708  0.44202262]]
1
path index: 0 , step index:  0 , AR burin: 1.0 , AR sampling: 1.0
path index: 0 , step index:  1 , AR burin: 1.0 , AR sampling: 1.0
path index: 0 , step index:  2 , AR burin: 1.0 , AR sampling: 1.0
path index: 0 , step index:  3 , AR burin: 1.0 , AR sampling: 1.0
path index: 0 , step index:  4 , AR burin: 1.0 , AR sampling: 1.0
path index: 0 , step index:  5 , AR burin: 1.0 , AR sampling: 1.0
path index: 0 , step index:  6 , AR burin: 1.0 , AR sampling: 1.0
path index: 0 , step index:  7 , AR burin: 1.0 , AR sampling: 1.0
path index: 0 , step index:  8 , AR burin: 1.0 , AR sampling: 1.0
path index: 0 , step index:  9 , AR burin: 1.0 , AR sampling: 1.0
path index: 0 , step index:  10 , AR burin: 1.0 , AR sampling: 1.0
path index: 0 , step index:  11 , AR burin: 1.0 , AR sampling: 1.0
path index: 0 , step index:  12 , AR burin: 1.0 , AR sampling: 1.0
path index: 0 , step index:  13 , AR burin: 1.0 , AR sampling: 1.0
path index: 0 , step index:  14 , AR burin: 1.0 , AR sampling: 1.0
path index: 0 , step index:  15 , AR burin: 1.0 , AR sampling: 1.0
path index: 0 , step index:  16 , AR burin: 1.0 , AR sampling: 1.0
path index: 0 , step index:  17 , AR burin: 1.0 , AR sampling: 1.0
path index: 0 , step index:  18 , AR burin: 1.0 , AR sampling: 1.0
path index: 0 , step index:  19 , AR burin: 1.0 , AR sampling: 1.0
path index: 0 , step index:  20 , AR burin: 1.0 , AR sampling: 1.0
path index: 0 , step index:  21 , AR burin: 1.0 , AR sampling: 1.0
path index: 0 , step index:  22 , AR burin: 1.0 , AR sampling: 1.0
path index: 0 , step index:  23 , AR burin: 1.0 , AR sampling: 1.0
path index: 0 , step index:  24 , AR burin: 1.0 , AR sampling: 1.0
path index: 0 , step index:  25 , AR burin: 1.0 , AR sampling: 1.0
path index: 0 , step index:  26 , AR burin: 1.0 , AR sampling: 1.0
path index: 0 , step index:  27 , AR burin: 1.0 , AR sampling: 1.0
path index: 0 , step index:  28 , AR burin: 1.0 , AR sampling: 1.0
path index: 0 , step index:  29 , AR burin: 1.0 , AR sampling: 1.0
path index: 0 , step index:  30 , AR burin: 1.0 , AR sampling: 1.0
path index: 0 , step index:  31 , AR burin: 1.0 , AR sampling: 1.0
path index: 0 , step index:  32 , AR burin: 1.0 , AR sampling: 1.0
path index: 0 , step index:  33 , AR burin: 1.0 , AR sampling: 1.0
path index: 0 , step index:  34 , AR burin: 1.0 , AR sampling: 1.0
path index: 0 , step index:  35 , AR burin: 1.0 , AR sampling: 1.0
path index: 0 , step index:  36 , AR burin: 1.0 , AR sampling: 1.0
path index: 0 , step index:  37 , AR burin: 1.0 , AR sampling: 1.0
path index: 0 , step index:  38 , AR burin: 1.0 , AR sampling: 1.0
path index: 0 , step index:  39 , AR burin: 1.0 , AR sampling: 1.0
path index: 0 , step index:  40 , AR burin: 1.0 , AR sampling: 1.0
path index: 0 , step index:  41 , AR burin: 1.0 , AR sampling: 1.0
path index: 0 , step index:  42 , AR burin: 1.0 , AR sampling: 1.0
path index: 0 , step index:  43 , AR burin: 1.0 , AR sampling: 1.0
path index: 0 , step index:  44 , AR burin: 1.0 , AR sampling: 1.0
path index: 0 , step index:  45 , AR burin: 1.0 , AR sampling: 1.0
path index: 0 , step index:  46 , AR burin: 1.0 , AR sampling: 1.0
path index: 0 , step index:  47 , AR burin: 1.0 , AR sampling: 1.0
path index: 0 , step index:  48 , AR burin: 1.0 , AR sampling: 1.0
path index: 0 , step index:  49 , AR burin: 1.0 , AR sampling: 1.0
path index: 1 , step index:  0 , AR burin: 1.0 , AR sampling: 1.0
path index: 1 , step index:  1 , AR burin: 1.0 , AR sampling: 1.0
path index: 1 , step index:  2 , AR burin: 1.0 , AR sampling: 1.0
path index: 1 , step index:  3 , AR burin: 1.0 , AR sampling: 1.0
path index: 1 , step index:  4 , AR burin: 1.0 , AR sampling: 1.0
path index: 1 , step index:  5 , AR burin: 1.0 , AR sampling: 1.0
path index: 1 , step index:  6 , AR burin: 1.0 , AR sampling: 1.0
path index: 1 , step index:  7 , AR burin: 1.0 , AR sampling: 1.0
path index: 1 , step index:  8 , AR burin: 1.0 , AR sampling: 1.0
path index: 1 , step index:  9 , AR burin: 1.0 , AR sampling: 1.0
path index: 1 , step index:  10 , AR burin: 1.0 , AR sampling: 1.0
path index: 1 , step index:  11 , AR burin: 1.0 , AR sampling: 1.0
path index: 1 , step index:  12 , AR burin: 1.0 , AR sampling: 1.0
path index: 1 , step index:  13 , AR burin: 1.0 , AR sampling: 1.0
path index: 1 , step index:  14 , AR burin: 1.0 , AR sampling: 1.0
path index: 1 , step index:  15 , AR burin: 1.0 , AR sampling: 1.0
path index: 1 , step index:  16 , AR burin: 1.0 , AR sampling: 1.0
path index: 1 , step index:  17 , AR burin: 1.0 , AR sampling: 1.0
path index: 1 , step index:  18 , AR burin: 1.0 , AR sampling: 1.0
path index: 1 , step index:  19 , AR burin: 1.0 , AR sampling: 1.0
path index: 1 , step index:  20 , AR burin: 1.0 , AR sampling: 1.0
path index: 1 , step index:  21 , AR burin: 1.0 , AR sampling: 1.0
path index: 1 , step index:  22 , AR burin: 1.0 , AR sampling: 1.0
path index: 1 , step index:  23 , AR burin: 1.0 , AR sampling: 1.0
path index: 1 , step index:  24 , AR burin: 1.0 , AR sampling: 1.0
path index: 1 , step index:  25 , AR burin: 1.0 , AR sampling: 1.0
path index: 1 , step index:  26 , AR burin: 1.0 , AR sampling: 1.0
path index: 1 , step index:  27 , AR burin: 1.0 , AR sampling: 1.0
path index: 1 , step index:  28 , AR burin: 1.0 , AR sampling: 1.0
path index: 1 , step index:  29 , AR burin: 1.0 , AR sampling: 1.0
path index: 1 , step index:  30 , AR burin: 1.0 , AR sampling: 1.0
path index: 1 , step index:  31 , AR burin: 1.0 , AR sampling: 1.0
path index: 1 , step index:  32 , AR burin: 1.0 , AR sampling: 1.0
path index: 1 , step index:  33 , AR burin: 1.0 , AR sampling: 1.0
path index: 1 , step index:  34 , AR burin: 1.0 , AR sampling: 1.0
path index: 1 , step index:  35 , AR burin: 1.0 , AR sampling: 1.0
path index: 1 , step index:  36 , AR burin: 1.0 , AR sampling: 1.0
path index: 1 , step index:  37 , AR burin: 1.0 , AR sampling: 1.0
path index: 1 , step index:  38 , AR burin: 1.0 , AR sampling: 1.0
path index: 1 , step index:  39 , AR burin: 1.0 , AR sampling: 1.0
path index: 1 , step index:  40 , AR burin: 1.0 , AR sampling: 1.0
path index: 1 , step index:  41 , AR burin: 1.0 , AR sampling: 1.0
path index: 1 , step index:  42 , AR burin: 1.0 , AR sampling: 1.0
path index: 1 , step index:  43 , AR burin: 1.0 , AR sampling: 1.0
path index: 1 , step index:  44 , AR burin: 1.0 , AR sampling: 1.0
path index: 1 , step index:  45 , AR burin: 1.0 , AR sampling: 1.0
path index: 1 , step index:  46 , AR burin: 1.0 , AR sampling: 1.0
path index: 1 , step index:  47 , AR burin: 1.0 , AR sampling: 1.0
path index: 1 , step index:  48 , AR burin: 1.0 , AR sampling: 1.0
path index: 1 , step index:  49 , AR burin: 1.0 , AR sampling: 1.0
25.8697390783
[[ -9.99049654e+00  -6.78261533e+00  -1.00831459e+01  -8.44754326e+00]
 [ -7.46247072e+01  -6.29770770e+01  -7.04259147e+01  -2.92158087e+01]
 [  6.51864606e+00  -6.31644127e+00   7.10672812e-01   1.16568430e+00]
 [  3.55761972e+01   2.33935090e+01   3.21221557e+01  -6.94608417e+00]
 [  3.22001638e+00   5.36227294e+00   9.14169569e+00   4.79056359e-01]
 [ -1.27482480e+01  -8.39490275e+00  -1.28739841e+01  -1.06558375e+01]
 [  2.50862220e-01   6.21724845e-02   2.58456392e-01   1.60792836e-01]
 [ -1.38122847e+00  -9.46459502e-01  -1.39376734e+00  -1.17218583e+00]
 [  1.11908981e+01   6.80227800e+00   1.13327119e+01   9.08904491e+00]
 [  2.82727702e-01  -9.11968640e-02   2.99872562e-01   1.06639766e-01]
 [ -9.88226533e-01  -1.67178911e+00  -9.49104495e-01  -1.30520041e+00]
 [  6.55862486e-01   3.09548086e-01   6.69963803e-01   4.91344821e-01]
 [  1.57057449e+00   9.55514397e-01   1.59322754e+00   1.27691882e+00]
 [ -2.32735932e-01  -1.10697960e-01  -2.37509488e-01  -1.74952936e-01]
 [  3.72934518e-01  -1.09191598e-02   3.90976087e-01   1.91922763e-01]
 [ -4.08839514e+01  -7.47973727e+00  -4.22968084e+01  -2.50638988e+01]
 [  1.44055217e+00  -3.96639496e-01   1.46660734e+00   5.62161324e-01]
 [ -2.38668564e+00  -7.94872764e-01  -2.45620225e+00  -1.63298114e+00]
 [  3.47728444e-01   0.00000000e+00   3.58915089e-01   1.86734815e-01]
 [  4.82999949e+01   8.68103702e+00   4.99720264e+01   2.95364103e+01]
 [ -1.09458906e+00   2.97885876e-01  -1.10310410e+00  -4.26834713e-01]
 [  1.89555898e+00   4.23151113e-01   1.95805222e+00   1.19830865e+00]
 [ -2.69442102e+01  -3.87704675e+00  -2.79026087e+01  -1.60174412e+01]
 [ -6.53431528e-01  -1.26299680e+00  -6.33373611e-01  -9.40476816e-01]
 [ -2.26080954e+00  -3.53544583e+00  -2.15986144e+00  -2.84400406e+00]
 [  3.87506159e+00   3.78132399e+00   3.84104753e+00   3.81081337e+00]
 [  2.42523498e+00   8.96210126e-01   2.49254974e+00   1.70155201e+00]
 [  1.67244019e-01   3.23849788e-01   1.60532998e-01   2.39511943e-01]
 [ -3.26661396e+00  -3.58970092e+00  -3.21195282e+00  -3.39897198e+00]
 [ -2.27353560e+00  -8.13138557e-01  -2.33009704e+00  -1.57983047e+00]
 [  9.83497523e-01   1.15679885e+00   9.59992230e-01   1.05871020e+00]
 [  7.35408323e-01   8.51719567e-01   7.16507966e-01   7.83933764e-01]
 [ -1.23230291e+00  -9.22405522e-01  -1.23409644e+00  -1.08048426e+00]
 [ -1.99548873e+00  -9.81645162e-01  -2.02720256e+00  -1.51051676e+00]
 [ -9.33658868e-02  -1.78729306e-01  -8.67949674e-02  -1.32176132e-01]]
2
path index: 0 , step index:  0 , AR burin: 1.0 , AR sampling: 1.0
path index: 0 , step index:  1 , AR burin: 1.0 , AR sampling: 1.0
path index: 0 , step index:  2 , AR burin: 1.0 , AR sampling: 1.0
path index: 0 , step index:  3 , AR burin: 1.0 , AR sampling: 1.0
path index: 0 , step index:  4 , AR burin: 1.0 , AR sampling: 1.0
path index: 0 , step index:  5 , AR burin: 1.0 , AR sampling: 1.0
path index: 0 , step index:  6 , AR burin: 1.0 , AR sampling: 1.0
path index: 0 , step index:  7 , AR burin: 1.0 , AR sampling: 1.0
path index: 0 , step index:  8 , AR burin: 1.0 , AR sampling: 1.0
path index: 0 , step index:  9 , AR burin: 1.0 , AR sampling: 1.0
path index: 0 , step index:  10 , AR burin: 1.0 , AR sampling: 1.0
path index: 0 , step index:  11 , AR burin: 1.0 , AR sampling: 1.0
path index: 0 , step index:  12 , AR burin: 1.0 , AR sampling: 1.0
path index: 0 , step index:  13 , AR burin: 1.0 , AR sampling: 1.0
path index: 0 , step index:  14 , AR burin: 1.0 , AR sampling: 1.0
path index: 0 , step index:  15 , AR burin: 1.0 , AR sampling: 1.0
path index: 0 , step index:  16 , AR burin: 1.0 , AR sampling: 1.0
path index: 0 , step index:  17 , AR burin: 1.0 , AR sampling: 1.0
path index: 0 , step index:  18 , AR burin: 1.0 , AR sampling: 1.0
path index: 0 , step index:  19 , AR burin: 1.0 , AR sampling: 1.0
path index: 0 , step index:  20 , AR burin: 1.0 , AR sampling: 1.0
path index: 0 , step index:  21 , AR burin: 1.0 , AR sampling: 1.0
path index: 0 , step index:  22 , AR burin: 1.0 , AR sampling: 1.0
path index: 0 , step index:  23 , AR burin: 1.0 , AR sampling: 1.0
path index: 0 , step index:  24 , AR burin: 1.0 , AR sampling: 1.0
path index: 0 , step index:  25 , AR burin: 1.0 , AR sampling: 1.0
path index: 0 , step index:  26 , AR burin: 1.0 , AR sampling: 1.0
path index: 0 , step index:  27 , AR burin: 1.0 , AR sampling: 1.0
path index: 0 , step index:  28 , AR burin: 1.0 , AR sampling: 1.0
path index: 0 , step index:  29 , AR burin: 1.0 , AR sampling: 1.0
path index: 0 , step index:  30 , AR burin: 1.0 , AR sampling: 1.0
path index: 0 , step index:  31 , AR burin: 1.0 , AR sampling: 1.0
path index: 0 , step index:  32 , AR burin: 1.0 , AR sampling: 1.0
path index: 0 , step index:  33 , AR burin: 1.0 , AR sampling: 1.0
path index: 0 , step index:  34 , AR burin: 1.0 , AR sampling: 1.0
path index: 0 , step index:  35 , AR burin: 1.0 , AR sampling: 1.0
path index: 0 , step index:  36 , AR burin: 1.0 , AR sampling: 1.0
path index: 0 , step index:  37 , AR burin: 1.0 , AR sampling: 1.0
path index: 0 , step index:  38 , AR burin: 1.0 , AR sampling: 1.0
path index: 0 , step index:  39 , AR burin: 1.0 , AR sampling: 1.0
path index: 0 , step index:  40 , AR burin: 1.0 , AR sampling: 1.0
path index: 0 , step index:  41 , AR burin: 1.0 , AR sampling: 1.0
path index: 0 , step index:  42 , AR burin: 1.0 , AR sampling: 1.0
path index: 0 , step index:  43 , AR burin: 1.0 , AR sampling: 1.0
path index: 0 , step index:  44 , AR burin: 1.0 , AR sampling: 1.0
path index: 0 , step index:  45 , AR burin: 1.0 , AR sampling: 1.0
path index: 0 , step index:  46 , AR burin: 1.0 , AR sampling: 1.0
path index: 0 , step index:  47 , AR burin: 1.0 , AR sampling: 1.0
path index: 0 , step index:  48 , AR burin: 1.0 , AR sampling: 1.0
path index: 0 , step index:  49 , AR burin: 1.0 , AR sampling: 1.0
path index: 1 , step index:  0 , AR burin: 1.0 , AR sampling: 1.0
path index: 1 , step index:  1 , AR burin: 1.0 , AR sampling: 1.0
path index: 1 , step index:  2 , AR burin: 1.0 , AR sampling: 1.0
path index: 1 , step index:  3 , AR burin: 1.0 , AR sampling: 1.0
path index: 1 , step index:  4 , AR burin: 1.0 , AR sampling: 1.0
path index: 1 , step index:  5 , AR burin: 1.0 , AR sampling: 1.0
path index: 1 , step index:  6 , AR burin: 1.0 , AR sampling: 1.0
path index: 1 , step index:  7 , AR burin: 1.0 , AR sampling: 1.0
path index: 1 , step index:  8 , AR burin: 1.0 , AR sampling: 1.0
path index: 1 , step index:  9 , AR burin: 1.0 , AR sampling: 1.0
path index: 1 , step index:  10 , AR burin: 1.0 , AR sampling: 1.0
path index: 1 , step index:  11 , AR burin: 1.0 , AR sampling: 1.0
path index: 1 , step index:  12 , AR burin: 1.0 , AR sampling: 1.0
path index: 1 , step index:  13 , AR burin: 1.0 , AR sampling: 1.0
path index: 1 , step index:  14 , AR burin: 1.0 , AR sampling: 1.0
path index: 1 , step index:  15 , AR burin: 1.0 , AR sampling: 1.0
path index: 1 , step index:  16 , AR burin: 1.0 , AR sampling: 1.0
path index: 1 , step index:  17 , AR burin: 1.0 , AR sampling: 1.0
path index: 1 , step index:  18 , AR burin: 1.0 , AR sampling: 1.0
path index: 1 , step index:  19 , AR burin: 1.0 , AR sampling: 1.0
path index: 1 , step index:  20 , AR burin: 1.0 , AR sampling: 1.0
path index: 1 , step index:  21 , AR burin: 1.0 , AR sampling: 1.0
path index: 1 , step index:  22 , AR burin: 1.0 , AR sampling: 1.0
path index: 1 , step index:  23 , AR burin: 1.0 , AR sampling: 1.0
path index: 1 , step index:  24 , AR burin: 1.0 , AR sampling: 1.0
path index: 1 , step index:  25 , AR burin: 1.0 , AR sampling: 1.0
path index: 1 , step index:  26 , AR burin: 1.0 , AR sampling: 1.0
path index: 1 , step index:  27 , AR burin: 1.0 , AR sampling: 1.0
path index: 1 , step index:  28 , AR burin: 1.0 , AR sampling: 1.0
path index: 1 , step index:  29 , AR burin: 1.0 , AR sampling: 1.0
path index: 1 , step index:  30 , AR burin: 1.0 , AR sampling: 1.0
path index: 1 , step index:  31 , AR burin: 1.0 , AR sampling: 1.0
path index: 1 , step index:  32 , AR burin: 1.0 , AR sampling: 1.0
path index: 1 , step index:  33 , AR burin: 1.0 , AR sampling: 1.0
path index: 1 , step index:  34 , AR burin: 1.0 , AR sampling: 1.0
path index: 1 , step index:  35 , AR burin: 1.0 , AR sampling: 1.0
path index: 1 , step index:  36 , AR burin: 1.0 , AR sampling: 1.0
path index: 1 , step index:  37 , AR burin: 1.0 , AR sampling: 1.0
path index: 1 , step index:  38 , AR burin: 1.0 , AR sampling: 1.0
path index: 1 , step index:  39 , AR burin: 1.0 , AR sampling: 1.0
path index: 1 , step index:  40 , AR burin: 1.0 , AR sampling: 1.0
path index: 1 , step index:  41 , AR burin: 1.0 , AR sampling: 1.0
path index: 1 , step index:  42 , AR burin: 1.0 , AR sampling: 1.0
path index: 1 , step index:  43 , AR burin: 1.0 , AR sampling: 1.0
path index: 1 , step index:  44 , AR burin: 1.0 , AR sampling: 1.0
path index: 1 , step index:  45 , AR burin: 1.0 , AR sampling: 1.0
path index: 1 , step index:  46 , AR burin: 1.0 , AR sampling: 1.0
path index: 1 , step index:  47 , AR burin: 1.0 , AR sampling: 1.0
path index: 1 , step index:  48 , AR burin: 1.0 , AR sampling: 1.0
path index: 1 , step index:  49 , AR burin: 1.0 , AR sampling: 1.0
Finished successfully!
8.17294177981e-06
[[ -9.99049654e+00  -6.78261533e+00  -1.00831459e+01  -8.44754326e+00]
 [ -7.46247072e+01  -6.29770770e+01  -7.04259147e+01  -2.92158087e+01]
 [  6.51864606e+00  -6.31644127e+00   7.10672812e-01   1.16568430e+00]
 [  3.55761972e+01   2.33935090e+01   3.21221557e+01  -6.94608417e+00]
 [  3.22001638e+00   5.36227294e+00   9.14169569e+00   4.79056359e-01]
 [ -1.27482480e+01  -8.39490275e+00  -1.28739841e+01  -1.06558375e+01]
 [  2.50862220e-01   6.21724845e-02   2.58456392e-01   1.60792836e-01]
 [ -1.38122847e+00  -9.46459502e-01  -1.39376734e+00  -1.17218583e+00]
 [  1.11908981e+01   6.80227800e+00   1.13327119e+01   9.08904491e+00]
 [  2.82727702e-01  -9.11968640e-02   2.99872562e-01   1.06639766e-01]
 [ -9.88226533e-01  -1.67178911e+00  -9.49104495e-01  -1.30520041e+00]
 [  6.55862486e-01   3.09548086e-01   6.69963803e-01   4.91344821e-01]
 [  1.57057449e+00   9.55514397e-01   1.59322754e+00   1.27691882e+00]
 [ -2.32735932e-01  -1.10697960e-01  -2.37509488e-01  -1.74952936e-01]
 [  3.72934518e-01  -1.09191598e-02   3.90976087e-01   1.91922763e-01]
 [ -4.08839514e+01  -7.47973727e+00  -4.22968084e+01  -2.50638988e+01]
 [  1.44055217e+00  -3.96639496e-01   1.46660734e+00   5.62161324e-01]
 [ -2.38668564e+00  -7.94872764e-01  -2.45620225e+00  -1.63298114e+00]
 [  3.47728444e-01   0.00000000e+00   3.58915089e-01   1.86734815e-01]
 [  4.82999949e+01   8.68103702e+00   4.99720264e+01   2.95364103e+01]
 [ -1.09458906e+00   2.97885876e-01  -1.10310410e+00  -4.26834713e-01]
 [  1.89555898e+00   4.23151113e-01   1.95805222e+00   1.19830865e+00]
 [ -2.69442102e+01  -3.87704675e+00  -2.79026087e+01  -1.60174412e+01]
 [ -6.53431528e-01  -1.26299680e+00  -6.33373611e-01  -9.40476816e-01]
 [ -2.26080954e+00  -3.53544583e+00  -2.15986144e+00  -2.84400406e+00]
 [  3.87506159e+00   3.78132399e+00   3.84104753e+00   3.81081337e+00]
 [  2.42523498e+00   8.96210126e-01   2.49254974e+00   1.70155201e+00]
 [  1.67244019e-01   3.23849788e-01   1.60532998e-01   2.39511943e-01]
 [ -3.26661396e+00  -3.58970092e+00  -3.21195282e+00  -3.39897198e+00]
 [ -2.27353560e+00  -8.13138557e-01  -2.33009704e+00  -1.57983047e+00]
 [  9.83497523e-01   1.15679885e+00   9.59992230e-01   1.05871020e+00]
 [  7.35408323e-01   8.51719567e-01   7.16507966e-01   7.83933764e-01]
 [ -1.23230291e+00  -9.22405522e-01  -1.23409644e+00  -1.08048426e+00]
 [ -1.99548873e+00  -9.81645162e-01  -2.02720256e+00  -1.51051676e+00]
 [ -9.33658868e-02  -1.78729306e-01  -8.67949674e-02  -1.32176132e-01]]

 Estimated ordinary:  [[  6.93325518e-02  -6.89496490e-01   1.01979466e+00   6.78400994e-01
   -3.49207750e-02  -1.43468197e+00   3.99259623e-02  -1.55442816e-01
    1.78108675e+00   4.49975113e-02  -1.11214559e-01   1.04383757e-01
    2.49964694e-01  -3.70410739e-02   4.19698789e-02  -2.65642385e+00
    1.62119078e-01  -2.68596502e-01   2.25935629e-02   5.43565919e+00
   -1.74209259e-01   2.13325335e-01  -3.03228900e+00  -7.35368833e-02
   -1.46895497e-01   4.36097647e-01   3.85988135e-01   1.88215649e-02
   -5.19897759e-01  -3.61844428e-01   1.10682358e-01   8.27625140e-02
   -1.38682802e-01  -2.24571383e-01  -6.06642361e-03]
 [  1.61157063e-01  -8.13520776e+00  -7.14711054e-01   3.49822930e+00
    2.96090936e-01  -9.44758489e-01   9.89505823e-03  -1.06514117e-01
    1.08261617e+00  -1.45144317e-02  -1.88142377e-01   4.92661080e-02
    1.52074839e-01  -1.76181276e-02  -1.22883721e-03  -4.85993935e-01
   -4.46376262e-02  -8.94546148e-02   0.00000000e+00   9.76959909e-01
    4.74100097e-02   4.76212314e-02  -4.36321056e-01  -1.42137078e-01
   -2.29714650e-01   4.25548461e-01   1.42636272e-01   3.64459060e-02
   -5.71318646e-01  -1.29415021e-01   1.30185609e-01   9.58521278e-02
   -1.03807093e-01  -1.10473895e-01  -1.16128890e-02]
 [  6.37151845e-02   3.71970238e-01   8.82587583e-02  -8.26375542e-02
    9.13491384e-01  -1.44883225e+00   4.11346124e-02  -1.56853935e-01
    1.80365712e+00   4.77262005e-02  -1.06811783e-01   1.06628051e-01
    2.53570038e-01  -3.78008090e-02   4.40002688e-02  -2.74822385e+00
    1.65051315e-01  -2.76419870e-01   2.33204122e-02   5.62382884e+00
   -1.75564470e-01   2.20358295e-01  -3.14014673e+00  -7.12795746e-02
   -1.40336421e-01   4.32269720e-01   3.96701612e-01   1.80663096e-02
   -5.11198169e-01  -3.70846462e-01   1.08037084e-01   8.06354766e-02
   -1.38884645e-01  -2.28140443e-01  -5.63947987e-03]
 [  1.11939792e-01   2.13386691e+00   3.13297936e-01  -3.84001668e+00
   -4.72959990e-01  -1.19920305e+00   2.55909747e-02  -1.31917254e-01
    1.44656643e+00   1.69722459e-02  -1.46886653e-01   7.81999570e-02
    2.03227942e-01  -2.78446245e-02   2.15988993e-02  -1.62852014e+00
    6.32653765e-02  -1.83774946e-01   1.21330448e-02   3.32401402e+00
   -6.79328545e-02   1.34857103e-01  -1.80259546e+00  -1.05840828e-01
   -1.84788405e-01   4.28867182e-01   2.70810413e-01   2.69545638e-02
   -5.40963192e-01  -2.51437829e-01   1.19146759e-01   8.82235448e-02
   -1.21597201e-01  -1.69992860e-01  -8.58810892e-03]] 
 True ordinary:  [[ 0.          0.          1.          0.          0.          0.          0.
   0.          0.          0.          0.          0.          0.          0.
   0.          0.          0.          0.          0.          0.          0.
   0.          0.          0.          0.          0.          0.          0.
   0.          0.          0.          0.          0.          0.          0.        ]
 [ 0.         -8.5         0.          3.5         0.          0.          0.
   0.          0.          0.          0.          0.          0.          0.
   0.          0.          0.          0.          0.          0.          0.
   0.          0.          0.          0.          0.          0.          0.
   0.          0.          0.          0.          0.          0.          0.        ]
 [ 0.          0.          0.          0.          1.          0.          0.
   0.          0.          0.          0.          0.          0.          0.
   0.          0.          0.          0.          0.          0.          0.
   0.          0.          0.          0.          0.          0.          0.
   0.          0.          0.          0.          0.          0.          0.        ]
 [ 0.          2.33333333  0.         -4.33333333  0.          0.          0.
   0.          0.          0.          0.          0.          0.          0.
   0.          0.          0.          0.          0.          0.          0.
   0.          0.          0.          0.          0.          0.          0.
   0.          0.          0.          0.          0.          0.          0.        ]]

 Estimated hermite:  [[ -9.99049654e+00  -7.46247072e+01   6.51864606e+00   3.55761972e+01
    3.22001638e+00  -1.27482480e+01   2.50862220e-01  -1.38122847e+00
    1.11908981e+01   2.82727702e-01  -9.88226533e-01   6.55862486e-01
    1.57057449e+00  -2.32735932e-01   3.72934518e-01  -4.08839514e+01
    1.44055217e+00  -2.38668564e+00   3.47728444e-01   4.82999949e+01
   -1.09458906e+00   1.89555898e+00  -2.69442102e+01  -6.53431528e-01
   -2.26080954e+00   3.87506159e+00   2.42523498e+00   1.67244019e-01
   -3.26661396e+00  -2.27353560e+00   9.83497523e-01   7.35408323e-01
   -1.23230291e+00  -1.99548873e+00  -9.33658868e-02]
 [ -6.78261533e+00  -6.29770770e+01  -6.31644127e+00   2.33935090e+01
    5.36227294e+00  -8.39490275e+00   6.21724845e-02  -9.46459502e-01
    6.80227800e+00  -9.11968640e-02  -1.67178911e+00   3.09548086e-01
    9.55514397e-01  -1.10697960e-01  -1.09191598e-02  -7.47973727e+00
   -3.96639496e-01  -7.94872764e-01   0.00000000e+00   8.68103702e+00
    2.97885876e-01   4.23151113e-01  -3.87704675e+00  -1.26299680e+00
   -3.53544583e+00   3.78132399e+00   8.96210126e-01   3.23849788e-01
   -3.58970092e+00  -8.13138557e-01   1.15679885e+00   8.51719567e-01
   -9.22405522e-01  -9.81645162e-01  -1.78729306e-01]
 [ -1.00831459e+01  -7.04259147e+01   7.10672812e-01   3.21221557e+01
    9.14169569e+00  -1.28739841e+01   2.58456392e-01  -1.39376734e+00
    1.13327119e+01   2.99872562e-01  -9.49104495e-01   6.69963803e-01
    1.59322754e+00  -2.37509488e-01   3.90976087e-01  -4.22968084e+01
    1.46660734e+00  -2.45620225e+00   3.58915089e-01   4.99720264e+01
   -1.10310410e+00   1.95805222e+00  -2.79026087e+01  -6.33373611e-01
   -2.15986144e+00   3.84104753e+00   2.49254974e+00   1.60532998e-01
   -3.21195282e+00  -2.33009704e+00   9.59992230e-01   7.16507966e-01
   -1.23409644e+00  -2.02720256e+00  -8.67949674e-02]
 [ -8.44754326e+00  -2.92158087e+01   1.16568430e+00  -6.94608417e+00
    4.79056359e-01  -1.06558375e+01   1.60792836e-01  -1.17218583e+00
    9.08904491e+00   1.06639766e-01  -1.30520041e+00   4.91344821e-01
    1.27691882e+00  -1.74952936e-01   1.91922763e-01  -2.50638988e+01
    5.62161324e-01  -1.63298114e+00   1.86734815e-01   2.95364103e+01
   -4.26834713e-01   1.19830865e+00  -1.60174412e+01  -9.40476816e-01
   -2.84400406e+00   3.81081337e+00   1.70155201e+00   2.39511943e-01
   -3.39897198e+00  -1.57983047e+00   1.05871020e+00   7.83933764e-01
   -1.08048426e+00  -1.51051676e+00  -1.32176132e-01]] 
 True hermite:  [[  0.           0.           6.28318531   0.           0.           0.
    0.           0.           0.           0.           0.           0.
    0.           0.           0.           0.           0.           0.
    0.           0.           0.           0.           0.           0.
    0.           0.           0.           0.           0.           0.
    0.           0.           0.           0.           0.        ]
 [  0.         -53.40707511   0.          21.99114858   0.           0.
    0.           0.           0.           0.           0.           0.
    0.           0.           0.           0.           0.           0.
    0.           0.           0.           0.           0.           0.
    0.           0.           0.           0.           0.           0.
    0.           0.           0.           0.           0.        ]
 [  0.           0.           0.           0.           6.28318531   0.
    0.           0.           0.           0.           0.           0.
    0.           0.           0.           0.           0.           0.
    0.           0.           0.           0.           0.           0.
    0.           0.           0.           0.           0.           0.
    0.           0.           0.           0.           0.        ]
 [  0.          14.66076572   0.         -27.22713633   0.           0.
    0.           0.           0.           0.           0.           0.
    0.           0.           0.           0.           0.           0.
    0.           0.           0.           0.           0.           0.
    0.           0.           0.           0.           0.           0.
    0.           0.           0.           0.           0.        ]]


Data shape: (2, 51, 4)
Theta shape: (35, 4)
Theta: [[ 0.44617524  0.37144816  0.08840236  0.47118944]
 [ 0.02857378  0.19404049  0.08809098  0.2036132 ]
 [ 0.15496941  0.26143172  0.0998301   0.29911738]
 [ 0.14657365  0.34221101  0.01792903  0.36739407]
 [ 0.435353    0.39853973  0.17228304  0.35621764]
 [ 0.2388614   0.36118586  0.05477956  0.37061848]
 [ 0.45479361  0.47024259  0.3752836   0.16251304]
 [ 0.36616208  0.22028003  0.29117971  0.23163936]
 [ 0.10957306  0.39080065  0.36447712  0.1465103 ]
 [ 0.32397622  0.04872343  0.02718711  0.09750805]
 [ 0.41665839  0.18298622  0.33827531  0.20175101]
 [ 0.29843178  0.02214397  0.49513324  0.32488657]
 [ 0.24990913  0.09444084  0.35282519  0.37751514]
 [ 0.05950739  0.45313587  0.49658665  0.48499466]
 [ 0.28512296  0.15861835  0.34412523  0.02219316]
 [ 0.22661017  0.10334656  0.4666475   0.21057812]
 [ 0.15084481  0.41718676  0.45914176  0.36158061]
 [ 0.40298835  0.09770067  0.31596086  0.4876695 ]
 [ 0.3682621   0.24545072  0.48791156  0.31939816]
 [ 0.06067073  0.34443348  0.20967945  0.25631579]
 [ 0.3845156   0.41039992  0.02495194  0.002826  ]
 [ 0.47821564  0.21043345  0.12802531  0.19103955]
 [ 0.26754525  0.48246191  0.36253535  0.46411869]
 [ 0.24167248  0.07620809  0.21866425  0.49827611]
 [ 0.12749918  0.03701597  0.05505594  0.12902843]
 [ 0.47113448  0.37933852  0.2495666   0.44057243]
 [ 0.07675181  0.2970969   0.08855732  0.39307506]
 [ 0.21192505  0.41997256  0.005076    0.20596683]
 [ 0.30952796  0.46235855  0.0760701   0.25019534]
 [ 0.30502527  0.48634683  0.01918844  0.21245164]
 [ 0.07241369  0.48065143  0.14044508  0.23629185]
 [ 0.20263754  0.06997957  0.00557367  0.22972196]
 [ 0.33871047  0.15249433  0.47769572  0.07433115]
 [ 0.11058946  0.46905197  0.32131927  0.45275576]
 [ 0.07407102  0.11916509  0.27318125  0.43111753]]
1
path index: 0 , step index:  0 , AR burin: 0.8 , AR sampling: 0.73
path index: 0 , step index:  1 , AR burin: 0.8 , AR sampling: 0.64
path index: 0 , step index:  2 , AR burin: 0.9 , AR sampling: 0.79
path index: 0 , step index:  3 , AR burin: 0.4 , AR sampling: 0.68
path index: 0 , step index:  4 , AR burin: 0.5 , AR sampling: 0.82
path index: 0 , step index:  5 , AR burin: 0.9 , AR sampling: 0.75
path index: 0 , step index:  6 , AR burin: 0.9 , AR sampling: 0.68
path index: 0 , step index:  7 , AR burin: 0.6 , AR sampling: 0.77
path index: 0 , step index:  8 , AR burin: 0.8 , AR sampling: 0.62
path index: 0 , step index:  9 , AR burin: 0.4 , AR sampling: 0.17
path index: 0 , step index:  10 , AR burin: 0.7 , AR sampling: 0.69
path index: 0 , step index:  11 , AR burin: 0.4 , AR sampling: 0.25
path index: 0 , step index:  12 , AR burin: 0.9 , AR sampling: 0.87
path index: 0 , step index:  13 , AR burin: 0.2 , AR sampling: 0.04
path index: 0 , step index:  14 , AR burin: 0.4 , AR sampling: 0.04
path index: 0 , step index:  15 , AR burin: 0.4 , AR sampling: 0.29
path index: 0 , step index:  16 , AR burin: 0.9 , AR sampling: 0.75
path index: 0 , step index:  17 , AR burin: 0.7 , AR sampling: 0.6
path index: 0 , step index:  18 , AR burin: 0.5 , AR sampling: 0.52
path index: 0 , step index:  19 , AR burin: 0.9 , AR sampling: 0.67
path index: 0 , step index:  20 , AR burin: 0.8 , AR sampling: 0.67
path index: 0 , step index:  21 , AR burin: 0.8 , AR sampling: 0.63
path index: 0 , step index:  22 , AR burin: 0.7 , AR sampling: 0.74
path index: 0 , step index:  23 , AR burin: 0.7 , AR sampling: 0.7
path index: 0 , step index:  24 , AR burin: 0.8 , AR sampling: 0.88
path index: 0 , step index:  25 , AR burin: 0.8 , AR sampling: 0.69
path index: 0 , step index:  26 , AR burin: 0.9 , AR sampling: 0.67
path index: 0 , step index:  27 , AR burin: 0.9 , AR sampling: 0.65
path index: 0 , step index:  28 , AR burin: 0.3 , AR sampling: 0.22
path index: 0 , step index:  29 , AR burin: 0.8 , AR sampling: 0.44
path index: 0 , step index:  30 , AR burin: 0.5 , AR sampling: 0.33
path index: 0 , step index:  31 , AR burin: 0.5 , AR sampling: 0.49
path index: 0 , step index:  32 , AR burin: 0.3 , AR sampling: 0.13
path index: 0 , step index:  33 , AR burin: 0.2 , AR sampling: 0.07
path index: 0 , step index:  34 , AR burin: 0.2 , AR sampling: 0.08
path index: 0 , step index:  35 , AR burin: 0.5 , AR sampling: 0.2
path index: 0 , step index:  36 , AR burin: 0.8 , AR sampling: 0.55
path index: 0 , step index:  37 , AR burin: 0.5 , AR sampling: 0.54
path index: 0 , step index:  38 , AR burin: 0.5 , AR sampling: 0.5
path index: 0 , step index:  39 , AR burin: 0.7 , AR sampling: 0.42
path index: 0 , step index:  40 , AR burin: 0.6 , AR sampling: 0.58
path index: 0 , step index:  41 , AR burin: 0.6 , AR sampling: 0.63
path index: 0 , step index:  42 , AR burin: 0.8 , AR sampling: 0.52
path index: 0 , step index:  43 , AR burin: 0.8 , AR sampling: 0.67
path index: 0 , step index:  44 , AR burin: 0.8 , AR sampling: 0.84
path index: 0 , step index:  45 , AR burin: 0.7 , AR sampling: 0.6
path index: 0 , step index:  46 , AR burin: 0.8 , AR sampling: 0.6
path index: 0 , step index:  47 , AR burin: 0.5 , AR sampling: 0.59
path index: 0 , step index:  48 , AR burin: 0.6 , AR sampling: 0.55
path index: 0 , step index:  49 , AR burin: 0.5 , AR sampling: 0.4
path index: 1 , step index:  0 , AR burin: 0.3 , AR sampling: 0.7
path index: 1 , step index:  1 , AR burin: 0.7 , AR sampling: 0.71
path index: 1 , step index:  2 , AR burin: 0.6 , AR sampling: 0.74
path index: 1 , step index:  3 , AR burin: 1.0 , AR sampling: 0.72
path index: 1 , step index:  4 , AR burin: 1.0 , AR sampling: 0.6
path index: 1 , step index:  5 , AR burin: 0.8 , AR sampling: 0.61
path index: 1 , step index:  6 , AR burin: 0.8 , AR sampling: 0.56
path index: 1 , step index:  7 , AR burin: 0.7 , AR sampling: 0.63
path index: 1 , step index:  8 , AR burin: 0.5 , AR sampling: 0.73
path index: 1 , step index:  9 , AR burin: 0.5 , AR sampling: 0.72
path index: 1 , step index:  10 , AR burin: 0.5 , AR sampling: 0.83
path index: 1 , step index:  11 , AR burin: 0.7 , AR sampling: 0.39
path index: 1 , step index:  12 , AR burin: 0.6 , AR sampling: 0.45
path index: 1 , step index:  13 , AR burin: 0.5 , AR sampling: 0.61
path index: 1 , step index:  14 , AR burin: 0.9 , AR sampling: 0.63
path index: 1 , step index:  15 , AR burin: 0.8 , AR sampling: 0.47
path index: 1 , step index:  16 , AR burin: 0.8 , AR sampling: 0.49
path index: 1 , step index:  17 , AR burin: 0.6 , AR sampling: 0.95
path index: 1 , step index:  18 , AR burin: 0.3 , AR sampling: 0.55
path index: 1 , step index:  19 , AR burin: 0.6 , AR sampling: 0.75
path index: 1 , step index:  20 , AR burin: 0.6 , AR sampling: 0.75
path index: 1 , step index:  21 , AR burin: 0.7 , AR sampling: 0.56
path index: 1 , step index:  22 , AR burin: 0.7 , AR sampling: 0.5
path index: 1 , step index:  23 , AR burin: 0.6 , AR sampling: 0.8
path index: 1 , step index:  24 , AR burin: 0.6 , AR sampling: 0.87
path index: 1 , step index:  25 , AR burin: 0.8 , AR sampling: 0.89
path index: 1 , step index:  26 , AR burin: 0.6 , AR sampling: 0.69
path index: 1 , step index:  27 , AR burin: 0.8 , AR sampling: 0.79
path index: 1 , step index:  28 , AR burin: 0.9 , AR sampling: 0.76
path index: 1 , step index:  29 , AR burin: 0.8 , AR sampling: 0.67
path index: 1 , step index:  30 , AR burin: 0.7 , AR sampling: 0.4
path index: 1 , step index:  31 , AR burin: 0.7 , AR sampling: 0.22
path index: 1 , step index:  32 , AR burin: 0.7 , AR sampling: 0.38
path index: 1 , step index:  33 , AR burin: 0.9 , AR sampling: 0.68
path index: 1 , step index:  34 , AR burin: 0.5 , AR sampling: 0.5
path index: 1 , step index:  35 , AR burin: 0.8 , AR sampling: 0.6
path index: 1 , step index:  36 , AR burin: 0.9 , AR sampling: 0.78
path index: 1 , step index:  37 , AR burin: 0.7 , AR sampling: 0.7
path index: 1 , step index:  38 , AR burin: 1.0 , AR sampling: 0.63
path index: 1 , step index:  39 , AR burin: 0.7 , AR sampling: 0.51
path index: 1 , step index:  40 , AR burin: 0.6 , AR sampling: 0.46
path index: 1 , step index:  41 , AR burin: 0.8 , AR sampling: 0.54
path index: 1 , step index:  42 , AR burin: 0.5 , AR sampling: 0.22
path index: 1 , step index:  43 , AR burin: 0.4 , AR sampling: 0.2
path index: 1 , step index:  44 , AR burin: 0.6 , AR sampling: 0.62
path index: 1 , step index:  45 , AR burin: 1.0 , AR sampling: 0.95
path index: 1 , step index:  46 , AR burin: 0.8 , AR sampling: 0.68
path index: 1 , step index:  47 , AR burin: 0.8 , AR sampling: 0.67
path index: 1 , step index:  48 , AR burin: 0.9 , AR sampling: 0.64
path index: 1 , step index:  49 , AR burin: 0.9 , AR sampling: 0.43
57.1335868652
[[ -6.47414942e+00  -1.84238279e+01  -1.23219769e+01   1.37958135e+01]
 [ -1.74741655e+02   4.47963933e+01  -5.67858406e+01  -1.34217983e+02]
 [  1.81379229e+00  -4.93909073e+01   2.81448228e+00   1.62262769e+01]
 [  8.65503075e+01  -3.31266938e+01   9.43806812e+00   5.88092958e+01]
 [ -4.62844664e+00   2.57989530e+01   6.69154199e+00  -2.84624975e+01]
 [ -7.50858189e+00  -2.06746831e+01  -1.46618056e+01   1.56770048e+01]
 [  1.63511177e-01  -4.02453324e-01   3.69534801e-01   1.50386363e-01]
 [ -8.72628909e-01  -2.30635557e+00  -1.59809665e+00   1.59717023e+00]
 [  7.05194912e+00   1.70152887e+01   1.30962032e+01  -1.28383070e+01]
 [  2.11315362e-01   2.76790256e-01  -3.05666696e-01   5.00912358e-01]
 [ -2.05858307e+00  -6.86401370e+00  -3.24265776e+00   4.79920984e+00]
 [  1.29130496e+00   3.29791667e-01   1.31016004e+00   2.65973587e-01]
 [  7.56442971e-01   2.87440535e+00   1.53349805e+00  -1.79127698e+00]
 [ -3.96157742e-02   5.89460677e-02  -5.55458414e-01   4.94731800e-02]
 [ -3.93458742e-01   4.13077083e-01  -1.45371498e-01  -4.77662042e-01]
 [ -1.14077148e+02   6.22110017e+01  -4.66553900e+01  -9.17342548e+01]
 [ -4.34263830e+00  -4.30293395e+01   3.46370676e+00   1.15099920e+01]
 [ -6.53399225e+00   3.51644749e+00  -2.41588585e+00  -5.01348307e+00]
 [ -7.29938566e-01  -7.55982294e+00   6.74054609e-01   2.01406803e+00]
 [  1.10629243e+02  -6.46187090e+01   3.26182169e+01   1.04480196e+02]
 [  4.04433782e+00   3.77302971e+01  -3.24266941e+00  -1.02131924e+01]
 [  2.49492956e+00  -1.89383011e+00  -4.04397698e-01   3.26317981e+00]
 [ -4.75793149e+01   2.98711664e+01   2.52551273e-01  -4.87844344e+01]
 [ -1.90825088e+00  -1.55732463e+01  -1.60435557e-01   5.06149658e+00]
 [  5.51942198e+00  -7.52009995e+00  -1.19045612e+01   9.72597539e+00]
 [ -4.97857315e+00   2.38406228e+01   2.04404495e+00  -3.04828823e+01]
 [  7.17701606e+00  -4.15126212e+00   3.04562972e+00   6.48056673e+00]
 [  2.15323718e-01   8.16106111e+00  -4.45791191e-01  -4.49271182e+00]
 [  4.03076708e+00  -2.04096891e+01  -1.50145040e+00   2.41464690e+01]
 [ -3.03921953e+00   1.88980199e+00  -1.54366052e-01  -3.43569688e+00]
 [ -2.42594194e+00   6.36504258e+00  -7.44335264e-01  -7.62666835e+00]
 [  6.80370859e-01  -3.61415107e-02   9.32291235e-01   1.42173290e+00]
 [ -2.82992304e-01  -4.36609704e+00  -1.07207100e+00   3.67115883e+00]
 [ -1.21280066e+00   3.96092355e-01  -1.78167729e+00  -1.22180937e+00]
 [ -6.72667414e-01   3.49583321e-01  -4.46086423e-01  -4.81131378e-01]]
2
path index: 0 , step index:  0 , AR burin: 0.4 , AR sampling: 0.04
path index: 0 , step index:  1 , AR burin: 0.4 , AR sampling: 0.02
path index: 0 , step index:  2 , AR burin: 0.1 , AR sampling: 0.03
path index: 0 , step index:  3 , AR burin: 0.0 , AR sampling: 0.01
path index: 0 , step index:  4 , AR burin: 0.0 , AR sampling: 0.0
