My SLURM_ARRAY_TASK_ID:  7
Data shape: (7, 101, 4)
Theta shape: (35, 4)
Theta: [[ 0.4098651   0.37541943  0.21964499  0.41657273]
 [ 0.44364055  0.34371758  0.34381684  0.36009783]
 [ 0.04342939  0.13864791  0.25652004  0.25360188]
 [ 0.36329345  0.0804888   0.39565469  0.39719544]
 [ 0.06212244  0.24164477  0.19017966  0.07417665]
 [ 0.34794147  0.30899847  0.1668864   0.16477696]
 [ 0.21688377  0.17960989  0.39800608  0.40852178]
 [ 0.22134988  0.12728088  0.46411715  0.02646745]
 [ 0.16929066  0.1832127   0.20992164  0.4537573 ]
 [ 0.19421381  0.04325487  0.24718615  0.37412318]
 [ 0.33946652  0.4850969   0.07059077  0.24070381]
 [ 0.34170969  0.19286762  0.23178601  0.14777547]
 [ 0.03379947  0.11823395  0.05069489  0.33305689]
 [ 0.05489803  0.18892912  0.39294381  0.12081291]
 [ 0.20072888  0.17557934  0.33202784  0.21985462]
 [ 0.47736744  0.20378038  0.18891733  0.03572964]
 [ 0.22774259  0.35248249  0.0185464   0.05376038]
 [ 0.40769234  0.19440135  0.46900047  0.36424333]
 [ 0.30756327  0.33787237  0.29197501  0.46003046]
 [ 0.30075371  0.42067721  0.0679118   0.08574739]
 [ 0.29215937  0.16343272  0.08881065  0.48262884]
 [ 0.29699538  0.35266536  0.01201512  0.33106656]
 [ 0.45838776  0.35326766  0.20617669  0.03749073]
 [ 0.27765738  0.13158587  0.49206048  0.16609961]
 [ 0.29292579  0.48218037  0.2967562   0.48911313]
 [ 0.46554967  0.13940791  0.09816534  0.49587631]
 [ 0.30104269  0.25114388  0.40406086  0.09748443]
 [ 0.20142668  0.00740821  0.22876936  0.02161124]
 [ 0.13621277  0.22857021  0.17336969  0.36649174]
 [ 0.01543076  0.34470481  0.19872023  0.46109444]
 [ 0.34011645  0.491465    0.42705242  0.4992501 ]
 [ 0.18701873  0.13115662  0.07556439  0.44550314]
 [ 0.09159071  0.20272384  0.0497741   0.24254786]
 [ 0.35927973  0.07351618  0.48119124  0.35056125]
 [ 0.31035468  0.3557039   0.1652782   0.22705315]]
1
4.71486701544
[[  2.73919891e-01   2.61319298e-01   2.51026607e-01   3.27425621e-01]
 [ -7.65813844e-01  -5.33698072e+01   5.95207045e-02   1.43419831e+01]
 [  6.21383406e+00  -6.98627781e-01  -1.72684487e-02   1.89113644e-01]
 [  1.41050532e-01   2.17549266e+01  -5.38269792e-01  -2.72838743e+01]
 [ -9.70242179e-02   2.32686475e-01   6.19083388e+00  -4.39620539e-01]
 [  2.66065871e-01   2.16922341e-01   2.43975678e-01   3.04184983e-01]
 [ -2.22962174e-02  -4.19687375e-02  -2.50274223e-02  -1.23765289e-02]
 [  1.51412386e-02   0.00000000e+00   1.96997407e-02   1.94739331e-02]
 [ -2.19017325e-01  -2.16244634e-01  -1.82210586e-01  -2.46971773e-01]
 [ -4.91232045e-02  -4.24853227e-02  -5.19047673e-02  -4.41684321e-02]
 [  1.57704284e-01   1.95405827e-01   1.45896720e-01   2.01681954e-01]
 [  8.68379027e-02   5.10065140e-02   8.14672027e-02   8.18237550e-02]
 [  0.00000000e+00   3.81974887e-02   0.00000000e+00   1.05324470e-02]
 [ -3.98368651e-02  -8.31774369e-02  -3.58481428e-02  -1.59969193e-02]
 [ -2.88814609e-02   0.00000000e+00  -2.35609304e-02  -2.20420180e-02]
 [ -4.90245395e-01  -2.49476278e-01  -4.55040357e-01  -5.73470303e-01]
 [ -1.09775834e-01  -2.05503525e-01  -7.19979946e-02  -3.25101950e-02]
 [  0.00000000e+00   1.66644118e-02   0.00000000e+00  -2.72078580e-02]
 [ -1.22558027e-02  -4.17911492e-02  -1.79341938e-02   0.00000000e+00]
 [ -2.95356921e-02  -6.26193617e-02  -9.98473366e-02   6.31738442e-02]
 [  4.60116216e-02   4.31340738e-02   0.00000000e+00  -1.14678179e-02]
 [  0.00000000e+00  -2.67977800e-02   0.00000000e+00   1.23686437e-02]
 [  5.34736945e-01   5.51335246e-01   7.35242794e-01   5.23263685e-01]
 [ -2.67482403e-02  -1.15864443e-01   0.00000000e+00   7.95836400e-02]
 [ -4.18978964e-02  -1.70979443e-01  -1.75061710e-01  -9.19943138e-02]
 [ -1.37558365e-01  -1.02142374e-02  -1.03124333e-01  -2.28777507e-01]
 [ -5.69895224e-02  -1.14247052e-01  -4.81737610e-02  -6.88666390e-02]
 [ -4.67261833e-02  -2.19519794e-02  -4.68170709e-02  -4.29299824e-02]
 [ -6.05749845e-02  -2.75350320e-02  -7.10445660e-02  -3.52580812e-02]
 [  7.00782357e-02   1.22770861e-01   7.17370897e-02   8.95469764e-02]
 [ -5.31908123e-02   1.63736741e-02  -7.24659327e-02  -9.55346442e-02]
 [  5.14592886e-02   4.30588317e-02   5.30679788e-02   2.57737062e-02]
 [  1.21851678e-02   0.00000000e+00   1.06167901e-02   3.04720068e-02]
 [ -3.07723735e-02  -3.42749052e-02  -3.02514409e-02  -3.95279943e-02]
 [  0.00000000e+00   2.17060414e-02   0.00000000e+00   0.00000000e+00]]
2
Finished successfully!, number of iterations:  2
0.0817672442895
[[  2.84364356e-01   2.98879846e-01   2.77082043e-01   2.95869021e-01]
 [ -1.12714692e+00  -5.18797101e+01   1.17834233e-01   1.37400846e+01]
 [  6.30606519e+00  -6.71921016e-01  -8.66793518e-02   1.68760231e-01]
 [  2.92967912e-01   2.08782330e+01  -5.67680151e-01  -2.68782821e+01]
 [ -1.88944884e-01   2.78684954e-01   6.21039681e+00  -4.36523679e-01]
 [  2.69862140e-01   2.44297463e-01   2.63727040e-01   2.81720611e-01]
 [ -2.48167619e-02  -4.27278284e-02  -2.52928623e-02  -3.15391447e-02]
 [  1.44234971e-02   1.81494917e-02   1.78228189e-02   1.77777545e-02]
 [ -2.32901183e-01  -2.29988530e-01  -2.09250091e-01  -2.37074633e-01]
 [ -3.69945085e-02  -3.93177678e-02  -4.26446383e-02  -2.19779702e-02]
 [  1.70866519e-01   2.28778786e-01   1.63281839e-01   1.70438588e-01]
 [  1.06428632e-01   5.77944645e-02   9.55522024e-02   9.68164237e-02]
 [  0.00000000e+00   1.63711206e-02   0.00000000e+00   1.18963707e-02]
 [ -2.54784882e-02  -9.37886623e-02  -4.15968005e-02   0.00000000e+00]
 [ -2.70918816e-02  -2.22429112e-02  -2.01253743e-02  -2.21954709e-02]
 [ -7.26069173e-01   9.48546414e-01  -4.16194053e-01  -1.01781448e+00]
 [  2.21484489e-02  -1.99345410e-01  -1.62516117e-01  -6.08725472e-02]
 [  0.00000000e+00   6.61997693e-02   1.16394366e-02   0.00000000e+00]
 [  0.00000000e+00  -3.28071980e-02  -1.29869101e-02   0.00000000e+00]
 [  1.41499647e-01  -9.26298321e-01  -1.30494446e-01   4.18985663e-01]
 [ -2.43568791e-02   1.67044248e-02   6.39024621e-02   0.00000000e+00]
 [  0.00000000e+00  -2.72063110e-02   0.00000000e+00   1.30011069e-02]
 [  3.76620715e-01   1.30453655e+00   7.57340542e-01   1.88052699e-01]
 [  4.52567071e-02  -9.21055734e-02  -3.06959282e-02   7.88616813e-02]
 [  0.00000000e+00  -6.13682521e-01  -1.86136098e-01   1.39062676e-01]
 [ -2.39252182e-01   0.00000000e+00  -7.94333385e-02  -2.07671448e-01]
 [ -4.56551993e-02  -2.68278105e-02  -5.34130768e-02  -5.73904850e-02]
 [ -3.61784714e-02  -3.61131563e-02  -4.27873349e-02  -3.83550225e-02]
 [  0.00000000e+00  -4.34852017e-02  -9.83591061e-02  -6.59261391e-02]
 [  7.17976906e-02   8.58803848e-02   8.99831603e-02   9.67841867e-02]
 [ -1.19454536e-01   5.89655644e-02  -4.95093159e-02  -1.00736566e-01]
 [  5.68671526e-02   1.63532503e-01   6.36415687e-02   2.51662770e-02]
 [  1.84157452e-02   0.00000000e+00   0.00000000e+00   2.84220674e-02]
 [ -4.10397267e-02  -7.67829368e-02  -2.60230981e-02  -2.16233466e-02]
 [  0.00000000e+00   3.81227864e-02   0.00000000e+00   0.00000000e+00]]
Time taken for 4D num time series exp:  32.4426805973053 , number of time series:  7
Avg AR burnin:  0.313642857143 , Avg AR sampling:  0.118578571429

 Estimated ordinary:  [[ -2.91571333e-03  -8.66470763e-02   9.93983202e-01   3.53215783e-02
    1.43686852e-02   3.03701610e-02  -3.94971033e-03   1.62321372e-03
   -3.70673745e-02  -5.88785890e-03   1.92292394e-02   1.69386428e-02
    0.00000000e+00  -4.05502734e-03  -3.04890788e-03  -4.71761510e-02
    2.49257624e-03   0.00000000e+00   0.00000000e+00   1.59243051e-02
   -3.87651770e-03   0.00000000e+00   4.23847218e-02   5.09316897e-03
    0.00000000e+00  -2.69253304e-02  -7.26625064e-03  -4.07150852e-03
    0.00000000e+00   1.14269574e-02  -1.34433585e-02   6.39980316e-03
    2.07249948e-03  -4.61859195e-03   0.00000000e+00]
 [ -5.21090675e-03  -8.61447287e+00  -6.77448747e-02   3.55844365e+00
    3.43512349e-02   2.74931240e-02  -6.80034510e-03   2.04253544e-03
   -3.66038114e-02  -6.25761709e-03   2.57466592e-02   9.19827472e-03
    2.60554477e-03  -1.49269292e-02  -2.50320699e-03   6.16315504e-02
   -2.24342406e-02   7.45009155e-03  -2.13163895e-03  -1.04245187e-01
    2.65859177e-03  -3.06178571e-03   1.46811943e-01  -1.03655188e-02
   -3.98738582e-02   0.00000000e+00  -4.26977866e-03  -4.06415798e-03
   -6.92088481e-03   1.36682878e-02   6.63595746e-03   1.84038725e-02
    0.00000000e+00  -8.64111635e-03   2.47701788e-03]
 [ -3.69727729e-03   6.17734804e-03   1.04800104e-02  -3.64522597e-02
    1.00774176e+00   2.96797196e-02  -4.02548406e-03   2.00577184e-03
   -3.33031862e-02  -6.78710497e-03   1.83756630e-02   1.52076053e-02
    0.00000000e+00  -6.62033642e-03  -2.26490036e-03  -2.70420976e-02
   -1.82894890e-02   1.30989683e-03  -8.43821020e-04  -1.46857849e-02
    1.01703927e-02   0.00000000e+00   8.52307559e-02  -3.45450563e-03
   -1.20941433e-02  -8.93939134e-03  -8.50095520e-03  -4.81526697e-03
   -1.56543379e-02   1.43212648e-02  -5.57175561e-03   7.16219283e-03
    0.00000000e+00  -2.92862747e-03   0.00000000e+00]
 [ -3.29960311e-03   2.36120349e+00   2.16359297e-02  -4.35110025e+00
   -3.04503488e-02   3.17047079e-02  -5.01961078e-03   2.00070031e-03
   -3.77315997e-02  -3.49790259e-03   1.91810802e-02   1.54088124e-02
    1.89336621e-03   0.00000000e+00  -2.49786808e-03  -6.61322244e-02
   -6.85056843e-03   0.00000000e+00   0.00000000e+00   4.71524535e-02
    0.00000000e+00   1.46313859e-03   2.11633641e-02   8.87505730e-03
    9.03556031e-03  -2.33712491e-02  -9.13397937e-03  -4.31645657e-03
   -1.04924709e-02   1.54036817e-02  -1.13368468e-02   2.83220123e-03
    3.19860638e-03  -2.43348147e-03   0.00000000e+00]] 
 True ordinary:  [[ 0.          0.          1.          0.          0.          0.          0.
   0.          0.          0.          0.          0.          0.          0.
   0.          0.          0.          0.          0.          0.          0.
   0.          0.          0.          0.          0.          0.          0.
   0.          0.          0.          0.          0.          0.          0.        ]
 [ 0.         -8.5         0.          3.5         0.          0.          0.
   0.          0.          0.          0.          0.          0.          0.
   0.          0.          0.          0.          0.          0.          0.
   0.          0.          0.          0.          0.          0.          0.
   0.          0.          0.          0.          0.          0.          0.        ]
 [ 0.          0.          0.          0.          1.          0.          0.
   0.          0.          0.          0.          0.          0.          0.
   0.          0.          0.          0.          0.          0.          0.
   0.          0.          0.          0.          0.          0.          0.
   0.          0.          0.          0.          0.          0.          0.        ]
 [ 0.          2.33333333  0.         -4.33333333  0.          0.          0.
   0.          0.          0.          0.          0.          0.          0.
   0.          0.          0.          0.          0.          0.          0.
   0.          0.          0.          0.          0.          0.          0.
   0.          0.          0.          0.          0.          0.          0.        ]]

 Estimated hermite:  [[  2.84364356e-01  -1.12714692e+00   6.30606519e+00   2.92967912e-01
   -1.88944884e-01   2.69862140e-01  -2.48167619e-02   1.44234971e-02
   -2.32901183e-01  -3.69945085e-02   1.70866519e-01   1.06428632e-01
    0.00000000e+00  -2.54784882e-02  -2.70918816e-02  -7.26069173e-01
    2.21484489e-02   0.00000000e+00   0.00000000e+00   1.41499647e-01
   -2.43568791e-02   0.00000000e+00   3.76620715e-01   4.52567071e-02
    0.00000000e+00  -2.39252182e-01  -4.56551993e-02  -3.61784714e-02
    0.00000000e+00   7.17976906e-02  -1.19454536e-01   5.68671526e-02
    1.84157452e-02  -4.10397267e-02   0.00000000e+00]
 [  2.98879846e-01  -5.18797101e+01  -6.71921016e-01   2.08782330e+01
    2.78684954e-01   2.44297463e-01  -4.27278284e-02   1.81494917e-02
   -2.29988530e-01  -3.93177678e-02   2.28778786e-01   5.77944645e-02
    1.63711206e-02  -9.37886623e-02  -2.22429112e-02   9.48546414e-01
   -1.99345410e-01   6.61997693e-02  -3.28071980e-02  -9.26298321e-01
    1.67044248e-02  -2.72063110e-02   1.30453655e+00  -9.21055734e-02
   -6.13682521e-01   0.00000000e+00  -2.68278105e-02  -3.61131563e-02
   -4.34852017e-02   8.58803848e-02   5.89655644e-02   1.63532503e-01
    0.00000000e+00  -7.67829368e-02   3.81227864e-02]
 [  2.77082043e-01   1.17834233e-01  -8.66793518e-02  -5.67680151e-01
    6.21039681e+00   2.63727040e-01  -2.52928623e-02   1.78228189e-02
   -2.09250091e-01  -4.26446383e-02   1.63281839e-01   9.55522024e-02
    0.00000000e+00  -4.15968005e-02  -2.01253743e-02  -4.16194053e-01
   -1.62516117e-01   1.16394366e-02  -1.29869101e-02  -1.30494446e-01
    6.39024621e-02   0.00000000e+00   7.57340542e-01  -3.06959282e-02
   -1.86136098e-01  -7.94333385e-02  -5.34130768e-02  -4.27873349e-02
   -9.83591061e-02   8.99831603e-02  -4.95093159e-02   6.36415687e-02
    0.00000000e+00  -2.60230981e-02   0.00000000e+00]
 [  2.95869021e-01   1.37400846e+01   1.68760231e-01  -2.68782821e+01
   -4.36523679e-01   2.81720611e-01  -3.15391447e-02   1.77777545e-02
   -2.37074633e-01  -2.19779702e-02   1.70438588e-01   9.68164237e-02
    1.18963707e-02   0.00000000e+00  -2.21954709e-02  -1.01781448e+00
   -6.08725472e-02   0.00000000e+00   0.00000000e+00   4.18985663e-01
    0.00000000e+00   1.30011069e-02   1.88052699e-01   7.88616813e-02
    1.39062676e-01  -2.07671448e-01  -5.73904850e-02  -3.83550225e-02
   -6.59261391e-02   9.67841867e-02  -1.00736566e-01   2.51662770e-02
    2.84220674e-02  -2.16233466e-02   0.00000000e+00]] 
 True hermite:  [[  0.           0.           6.28318531   0.           0.           0.
    0.           0.           0.           0.           0.           0.
    0.           0.           0.           0.           0.           0.
    0.           0.           0.           0.           0.           0.
    0.           0.           0.           0.           0.           0.
    0.           0.           0.           0.           0.        ]
 [  0.         -53.40707511   0.          21.99114858   0.           0.
    0.           0.           0.           0.           0.           0.
    0.           0.           0.           0.           0.           0.
    0.           0.           0.           0.           0.           0.
    0.           0.           0.           0.           0.           0.
    0.           0.           0.           0.           0.        ]
 [  0.           0.           0.           0.           6.28318531   0.
    0.           0.           0.           0.           0.           0.
    0.           0.           0.           0.           0.           0.
    0.           0.           0.           0.           0.           0.
    0.           0.           0.           0.           0.           0.
    0.           0.           0.           0.           0.        ]
 [  0.          14.66076572   0.         -27.22713633   0.           0.
    0.           0.           0.           0.           0.           0.
    0.           0.           0.           0.           0.           0.
    0.           0.           0.           0.           0.           0.
    0.           0.           0.           0.           0.           0.
    0.           0.           0.           0.           0.        ]]


