My SLURM_ARRAY_TASK_ID:  9
Data shape: (9, 101, 4)
Theta shape: (35, 4)
Theta: [[ 0.07494597  0.35658836  0.07479577  0.41342958]
 [ 0.47729278  0.38016381  0.27814475  0.23936581]
 [ 0.42798543  0.4235305   0.02982327  0.30790456]
 [ 0.37204736  0.27678397  0.36692835  0.21210291]
 [ 0.16839097  0.34345789  0.26058591  0.25200867]
 [ 0.47495851  0.01018763  0.06571932  0.11482794]
 [ 0.39009647  0.1764708   0.0611655   0.16603745]
 [ 0.0054847   0.14575643  0.04134039  0.3562977 ]
 [ 0.0072258   0.33952945  0.48496263  0.26419466]
 [ 0.28918537  0.05182407  0.29809197  0.16331917]
 [ 0.15594712  0.24771058  0.31904188  0.17763075]
 [ 0.18924511  0.10038106  0.1267409   0.36648322]
 [ 0.47414968  0.38755876  0.40558461  0.20155379]
 [ 0.10824446  0.21978586  0.08134845  0.48567071]
 [ 0.11330034  0.22078667  0.35260412  0.34086739]
 [ 0.23697674  0.16417044  0.31144318  0.43288364]
 [ 0.15242953  0.15679735  0.38271072  0.33418391]
 [ 0.32760063  0.0308139   0.08621349  0.17812039]
 [ 0.26678701  0.0298415   0.22798671  0.23021085]
 [ 0.44883207  0.25061034  0.16507563  0.41561686]
 [ 0.00622918  0.38585713  0.30374513  0.31313779]
 [ 0.37536577  0.15402605  0.16237055  0.32349633]
 [ 0.06967526  0.41315676  0.3755891   0.32200685]
 [ 0.02553424  0.29631702  0.17912819  0.28235884]
 [ 0.17533828  0.1412526   0.2295882   0.48831893]
 [ 0.12505819  0.38240791  0.37425372  0.0751953 ]
 [ 0.17689122  0.49281505  0.10678616  0.40919181]
 [ 0.40981423  0.24845768  0.10281425  0.40045198]
 [ 0.16825879  0.03650448  0.09091238  0.0118644 ]
 [ 0.25924433  0.48452387  0.4750651   0.0225211 ]
 [ 0.04368911  0.12236559  0.2905956   0.4791774 ]
 [ 0.42040941  0.07620935  0.09178612  0.15390804]
 [ 0.11686649  0.43506494  0.45810997  0.32577877]
 [ 0.35808268  0.09979263  0.17134199  0.26661599]
 [ 0.32154521  0.29631642  0.05828511  0.06164312]]
1
4.83488656118
[[  3.28884762e-02   4.08982023e-02   2.38988941e-02   5.54174054e-02]
 [ -8.06282462e-01  -5.33255172e+01   2.42429532e-01   1.46473225e+01]
 [  6.23396242e+00  -5.93659890e-01  -1.16684797e-02   1.61716041e-01]
 [  2.65778676e-01   2.18512754e+01  -4.20755297e-01  -2.73237264e+01]
 [ -6.18388027e-02   3.07870356e-01   6.24787007e+00  -3.95311336e-01]
 [ -4.27432438e-02  -5.20325343e-02  -6.12741304e-02  -1.84842661e-02]
 [ -1.34294773e-02  -3.67423720e-02  -1.75587992e-02   0.00000000e+00]
 [  0.00000000e+00   1.46183707e-02   1.02703670e-02   0.00000000e+00]
 [ -2.58325823e-02  -1.78700300e-02   0.00000000e+00   0.00000000e+00]
 [ -2.31913878e-02  -1.01680014e-02  -2.14125543e-02  -2.33559847e-02]
 [  8.98215537e-02   1.00871081e-01   9.83706862e-02   1.07473357e-01]
 [  0.00000000e+00  -4.66840119e-02  -2.47380416e-02  -1.53615114e-02]
 [  0.00000000e+00   1.04381019e-02   0.00000000e+00   0.00000000e+00]
 [  1.13241639e-02  -3.88160132e-02   2.77301227e-02   2.10308245e-02]
 [  0.00000000e+00   2.53486508e-02   1.12875676e-02   1.32697068e-02]
 [ -1.80114810e-01   5.06217952e-02   7.51399730e-02   3.17096936e-02]
 [ -9.22000710e-02  -1.31900774e-01  -4.42339472e-02  -5.54662111e-02]
 [ -2.17118516e-02  -1.38264300e-02  -2.02917550e-02  -2.77487979e-02]
 [  0.00000000e+00  -2.23586060e-02   0.00000000e+00   0.00000000e+00]
 [ -1.52135460e-01  -2.05169457e-01  -2.61187586e-01  -2.40992093e-01]
 [  1.31266399e-02  -6.11167124e-02   0.00000000e+00   1.11557740e-02]
 [  1.03202806e-02   2.34576690e-02   1.41185455e-02   0.00000000e+00]
 [ -1.74742041e-01  -2.45754579e-02   2.62479337e-02  -2.99806093e-02]
 [  0.00000000e+00  -3.51262481e-02   0.00000000e+00   7.23951330e-02]
 [  1.28203811e-01  -4.13495646e-02   0.00000000e+00   1.39282378e-02]
 [  0.00000000e+00   7.27750943e-02   3.62025599e-02  -3.12802224e-02]
 [ -8.65367212e-02  -1.05039397e-01  -6.94877755e-02  -8.15420041e-02]
 [  0.00000000e+00   0.00000000e+00   0.00000000e+00   0.00000000e+00]
 [  2.56816199e-02   3.48748071e-02  -1.90545862e-02   5.56483827e-02]
 [  2.37301728e-02   5.00807133e-02   2.76934873e-02   3.30016352e-02]
 [ -1.70912664e-01   2.15294505e-02  -1.66355957e-01  -2.48851767e-01]
 [ -7.67653646e-02  -6.09964735e-02  -4.97155365e-02  -9.06245760e-02]
 [  0.00000000e+00   0.00000000e+00   0.00000000e+00   1.42275934e-02]
 [ -1.85050249e-02   0.00000000e+00  -3.93199360e-02  -3.37385317e-02]
 [  2.57701168e-02   7.25734954e-02   1.99090147e-02   2.07737651e-02]]
2
Finished successfully!, number of iterations:  2
0.0445496062293
[[  1.86440444e-02   4.60808459e-02   2.87529431e-02   3.65782079e-02]
 [ -8.65739136e-01  -5.26990353e+01   2.41524025e-01   1.43201484e+01]
 [  6.26799332e+00  -6.33264630e-01  -2.37218828e-02   1.85761148e-01]
 [  3.04422499e-01   2.15500752e+01  -5.16317586e-01  -2.71338661e+01]
 [ -9.18352103e-02   3.05781097e-01   6.25540127e+00  -3.73825022e-01]
 [ -5.63108832e-02  -5.85439011e-02  -6.10207349e-02  -4.76836237e-02]
 [ -1.01069361e-02  -3.28313014e-02  -1.22518196e-02  -1.08399286e-02]
 [  0.00000000e+00   1.35251292e-02   1.05067206e-02   0.00000000e+00]
 [ -1.38674115e-02  -2.43205132e-02   0.00000000e+00   0.00000000e+00]
 [ -2.19537425e-02  -2.56695498e-02  -1.78513774e-02   0.00000000e+00]
 [  8.01695699e-02   1.27074387e-01   1.01769186e-01   9.63899729e-02]
 [  0.00000000e+00  -5.21034028e-02  -1.38075509e-02  -1.07995072e-02]
 [  0.00000000e+00   1.60562702e-02   0.00000000e+00   0.00000000e+00]
 [  1.69285083e-02  -2.74797160e-02   1.57842719e-02   3.28949200e-02]
 [  1.39650895e-02   1.33688213e-02   1.55918925e-02   2.12348940e-02]
 [ -2.19695309e-01   7.03003260e-01   4.15951226e-02  -2.91161133e-01]
 [ -2.04760145e-02  -1.56091066e-01  -9.15408599e-02  -4.66504013e-02]
 [ -1.81631627e-02   1.00416563e-02   0.00000000e+00  -2.59056412e-02]
 [  0.00000000e+00  -2.91731414e-02   0.00000000e+00   0.00000000e+00]
 [ -2.13986171e-01  -5.47700136e-01  -2.86566318e-01  -8.26173323e-02]
 [ -1.67763656e-02  -4.77399424e-02   0.00000000e+00   0.00000000e+00]
 [  1.87163010e-02   1.21601820e-02   1.72329582e-02   2.43729141e-02]
 [ -2.20850700e-01   3.25421441e-01   9.02900015e-02  -2.35098279e-01]
 [  2.09962908e-02  -8.41892642e-02   0.00000000e+00   9.90882954e-02]
 [  2.09304816e-01  -2.33714821e-01  -7.79034865e-02   1.82002600e-01]
 [ -6.02617604e-02   1.20692757e-01   4.13914937e-02  -6.06233482e-02]
 [ -7.46186524e-02  -4.82002360e-02  -6.97495153e-02  -8.24572585e-02]
 [  0.00000000e+00   0.00000000e+00   0.00000000e+00   0.00000000e+00]
 [  6.00581413e-02   1.11369468e-02  -1.42598773e-02   1.69987522e-02]
 [  2.73690602e-02   5.56730552e-02   4.14673506e-02   2.89675045e-02]
 [ -1.74209835e-01  -3.00077062e-02  -1.24925200e-01  -1.79234463e-01]
 [ -8.71408725e-02   0.00000000e+00  -4.58975640e-02  -1.04108916e-01]
 [  0.00000000e+00  -1.35992288e-02   0.00000000e+00   1.35025855e-02]
 [ -1.97224539e-02  -3.76083770e-02  -2.51323247e-02  -2.73587492e-02]
 [  2.54842131e-02   5.89469575e-02   1.94224426e-02   1.14559730e-02]]
Time taken for 4D num time series exp:  45.17497396469116 , number of time series:  9
Avg AR burnin:  0.320611111111 , Avg AR sampling:  0.14375

 Estimated ordinary:  [[ -1.28937854e-03  -5.82574268e-02   9.97523568e-01   3.18469087e-02
    6.80380781e-03  -6.33720086e-03  -1.60856884e-03   0.00000000e+00
   -2.20706708e-03  -3.49404664e-03   9.02224648e-03   0.00000000e+00
    0.00000000e+00   2.69425578e-03   1.57162475e-03  -1.42746442e-02
   -2.30436124e-03  -2.04407397e-03   0.00000000e+00  -2.40819051e-02
   -2.67004152e-03   2.10632390e-03  -2.48544361e-02   2.36291290e-03
    1.35995246e-02  -6.78183076e-03  -1.18759274e-02   0.00000000e+00
    9.55855006e-03   4.35592123e-03  -1.96054946e-02  -9.80679366e-03
    0.00000000e+00  -2.21955587e-03   1.65582995e-03]
 [ -3.40502769e-03  -8.56209718e+00  -6.65291563e-02   3.53985952e+00
    2.69707307e-02  -6.58850367e-03  -5.22526390e-03   1.52211182e-03
   -3.87072990e-03  -4.08543574e-03   1.43008930e-02  -8.29251411e-03
    2.55543477e-03  -4.37353264e-03   1.50452099e-03   4.56774494e-02
   -1.75664167e-02   1.13008338e-03  -1.89551708e-03  -6.16379210e-02
   -7.59804781e-03   1.36850128e-03   3.66227791e-02  -9.47462103e-03
   -1.51855582e-02   1.35827073e-02  -7.67130582e-03   0.00000000e+00
    1.77250014e-03   8.86064194e-03  -3.37705344e-03   0.00000000e+00
   -1.53045094e-03  -4.23242943e-03   3.83006285e-03]
 [ -2.94676478e-03   2.53359420e-02   6.52651131e-03  -3.38501886e-02
    1.00119297e+00  -6.86724541e-03  -1.94993766e-03   1.18242150e-03
    0.00000000e+00  -2.84113496e-03   1.14530573e-02  -2.19753997e-03
    0.00000000e+00   2.51214490e-03   1.75470440e-03   2.70263200e-03
   -1.03019662e-02   0.00000000e+00   0.00000000e+00  -3.22500415e-02
    0.00000000e+00   1.93938918e-03   1.01611952e-02   0.00000000e+00
   -5.06175827e-03   4.65817964e-03  -1.11009801e-02   0.00000000e+00
   -2.26952996e-03   6.59973382e-03  -1.40590245e-02  -5.16529072e-03
    0.00000000e+00  -2.82838024e-03   1.26196803e-03]
 [ -2.04955271e-03   2.37696638e+00   2.21438938e-02  -4.34433188e+00
   -3.47356588e-02  -5.36629305e-03  -1.72522821e-03   0.00000000e+00
    0.00000000e+00   0.00000000e+00   1.08476832e-02  -1.71879496e-03
    0.00000000e+00   5.23538912e-03   2.38976520e-03  -1.89181170e-02
   -5.25001468e-03  -2.91540893e-03   0.00000000e+00  -9.29771653e-03
    0.00000000e+00   2.74291653e-03  -2.64578521e-02   1.11513511e-02
    1.18255704e-02  -6.82252369e-03  -1.31234803e-02   0.00000000e+00
    2.70543544e-03   4.61032153e-03  -2.01709639e-02  -1.17163694e-02
    1.51957475e-03  -3.07894104e-03   7.44348789e-04]] 
 True ordinary:  [[ 0.          0.          1.          0.          0.          0.          0.
   0.          0.          0.          0.          0.          0.          0.
   0.          0.          0.          0.          0.          0.          0.
   0.          0.          0.          0.          0.          0.          0.
   0.          0.          0.          0.          0.          0.          0.        ]
 [ 0.         -8.5         0.          3.5         0.          0.          0.
   0.          0.          0.          0.          0.          0.          0.
   0.          0.          0.          0.          0.          0.          0.
   0.          0.          0.          0.          0.          0.          0.
   0.          0.          0.          0.          0.          0.          0.        ]
 [ 0.          0.          0.          0.          1.          0.          0.
   0.          0.          0.          0.          0.          0.          0.
   0.          0.          0.          0.          0.          0.          0.
   0.          0.          0.          0.          0.          0.          0.
   0.          0.          0.          0.          0.          0.          0.        ]
 [ 0.          2.33333333  0.         -4.33333333  0.          0.          0.
   0.          0.          0.          0.          0.          0.          0.
   0.          0.          0.          0.          0.          0.          0.
   0.          0.          0.          0.          0.          0.          0.
   0.          0.          0.          0.          0.          0.          0.        ]]

 Estimated hermite:  [[  1.86440444e-02  -8.65739136e-01   6.26799332e+00   3.04422499e-01
   -9.18352103e-02  -5.63108832e-02  -1.01069361e-02   0.00000000e+00
   -1.38674115e-02  -2.19537425e-02   8.01695699e-02   0.00000000e+00
    0.00000000e+00   1.69285083e-02   1.39650895e-02  -2.19695309e-01
   -2.04760145e-02  -1.81631627e-02   0.00000000e+00  -2.13986171e-01
   -1.67763656e-02   1.87163010e-02  -2.20850700e-01   2.09962908e-02
    2.09304816e-01  -6.02617604e-02  -7.46186524e-02   0.00000000e+00
    6.00581413e-02   2.73690602e-02  -1.74209835e-01  -8.71408725e-02
    0.00000000e+00  -1.97224539e-02   2.54842131e-02]
 [  4.60808459e-02  -5.26990353e+01  -6.33264630e-01   2.15500752e+01
    3.05781097e-01  -5.85439011e-02  -3.28313014e-02   1.35251292e-02
   -2.43205132e-02  -2.56695498e-02   1.27074387e-01  -5.21034028e-02
    1.60562702e-02  -2.74797160e-02   1.33688213e-02   7.03003260e-01
   -1.56091066e-01   1.00416563e-02  -2.91731414e-02  -5.47700136e-01
   -4.77399424e-02   1.21601820e-02   3.25421441e-01  -8.41892642e-02
   -2.33714821e-01   1.20692757e-01  -4.82002360e-02   0.00000000e+00
    1.11369468e-02   5.56730552e-02  -3.00077062e-02   0.00000000e+00
   -1.35992288e-02  -3.76083770e-02   5.89469575e-02]
 [  2.87529431e-02   2.41524025e-01  -2.37218828e-02  -5.16317586e-01
    6.25540127e+00  -6.10207349e-02  -1.22518196e-02   1.05067206e-02
    0.00000000e+00  -1.78513774e-02   1.01769186e-01  -1.38075509e-02
    0.00000000e+00   1.57842719e-02   1.55918925e-02   4.15951226e-02
   -9.15408599e-02   0.00000000e+00   0.00000000e+00  -2.86566318e-01
    0.00000000e+00   1.72329582e-02   9.02900015e-02   0.00000000e+00
   -7.79034865e-02   4.13914937e-02  -6.97495153e-02   0.00000000e+00
   -1.42598773e-02   4.14673506e-02  -1.24925200e-01  -4.58975640e-02
    0.00000000e+00  -2.51323247e-02   1.94224426e-02]
 [  3.65782079e-02   1.43201484e+01   1.85761148e-01  -2.71338661e+01
   -3.73825022e-01  -4.76836237e-02  -1.08399286e-02   0.00000000e+00
    0.00000000e+00   0.00000000e+00   9.63899729e-02  -1.07995072e-02
    0.00000000e+00   3.28949200e-02   2.12348940e-02  -2.91161133e-01
   -4.66504013e-02  -2.59056412e-02   0.00000000e+00  -8.26173323e-02
    0.00000000e+00   2.43729141e-02  -2.35098279e-01   9.90882954e-02
    1.82002600e-01  -6.06233482e-02  -8.24572585e-02   0.00000000e+00
    1.69987522e-02   2.89675045e-02  -1.79234463e-01  -1.04108916e-01
    1.35025855e-02  -2.73587492e-02   1.14559730e-02]] 
 True hermite:  [[  0.           0.           6.28318531   0.           0.           0.
    0.           0.           0.           0.           0.           0.
    0.           0.           0.           0.           0.           0.
    0.           0.           0.           0.           0.           0.
    0.           0.           0.           0.           0.           0.
    0.           0.           0.           0.           0.        ]
 [  0.         -53.40707511   0.          21.99114858   0.           0.
    0.           0.           0.           0.           0.           0.
    0.           0.           0.           0.           0.           0.
    0.           0.           0.           0.           0.           0.
    0.           0.           0.           0.           0.           0.
    0.           0.           0.           0.           0.        ]
 [  0.           0.           0.           0.           6.28318531   0.
    0.           0.           0.           0.           0.           0.
    0.           0.           0.           0.           0.           0.
    0.           0.           0.           0.           0.           0.
    0.           0.           0.           0.           0.           0.
    0.           0.           0.           0.           0.        ]
 [  0.          14.66076572   0.         -27.22713633   0.           0.
    0.           0.           0.           0.           0.           0.
    0.           0.           0.           0.           0.           0.
    0.           0.           0.           0.           0.           0.
    0.           0.           0.           0.           0.           0.
    0.           0.           0.           0.           0.        ]]


