My SLURM_ARRAY_TASK_ID:  8
Data shape: (8, 101, 4)
Theta shape: (35, 4)
Theta: [[  2.45860283e-01   3.20431686e-01   2.68929250e-01   4.94694791e-01]
 [  2.03009771e-01   4.09906533e-01   8.37337633e-02   4.63300896e-01]
 [  1.26895044e-01   2.08171677e-01   3.81171535e-01   4.72805167e-01]
 [  2.77355557e-01   1.44625007e-01   2.62622734e-01   4.48225468e-01]
 [  2.46365105e-01   3.29073162e-01   1.27236424e-01   2.83550409e-01]
 [  2.82228327e-01   1.05331733e-01   3.69319575e-01   3.38304243e-01]
 [  3.90800581e-01   1.47593529e-01   3.40379970e-01   2.17004353e-01]
 [  3.87287299e-01   9.81570354e-03   4.13725788e-01   3.26968847e-01]
 [  1.42159320e-01   4.07631548e-01   4.56947702e-01   2.14919468e-01]
 [  4.30104770e-01   4.54497090e-01   1.22134926e-01   2.47201311e-01]
 [  3.79616885e-01   1.16827454e-01   2.50442759e-02   1.15793797e-01]
 [  6.92491450e-02   2.49428821e-02   2.64472935e-01   4.72020218e-01]
 [  1.40312425e-04   2.61881048e-01   4.11160589e-01   3.30093486e-01]
 [  4.34624522e-01   2.86488708e-01   8.25010405e-02   3.09309976e-01]
 [  9.41786663e-03   3.80308338e-01   4.70458941e-01   4.98770263e-01]
 [  1.78237061e-01   4.66633427e-01   3.63918959e-01   1.03224724e-01]
 [  1.58695662e-01   4.88666715e-01   1.54061726e-01   1.44329800e-01]
 [  4.00338265e-01   2.20427475e-02   3.89380340e-01   3.45689394e-01]
 [  5.22033119e-02   4.61816444e-01   4.99481174e-01   4.55162468e-01]
 [  3.65750738e-01   5.82050166e-02   4.50557281e-01   4.68610506e-01]
 [  2.82770367e-01   3.81728440e-02   1.26712723e-01   1.36881030e-01]
 [  4.85912249e-01   1.20916355e-01   3.14317528e-01   1.03910190e-01]
 [  2.87442196e-01   2.87051933e-01   2.02951621e-01   2.10727627e-01]
 [  4.82576702e-01   7.16654298e-02   3.73540001e-01   4.89542851e-01]
 [  3.07281683e-01   2.93381861e-01   5.96733764e-02   7.33349540e-02]
 [  1.04741761e-01   4.20037940e-02   2.07053581e-01   2.39878485e-01]
 [  4.10270909e-01   2.14363618e-01   6.20088590e-02   1.73819617e-01]
 [  1.57074436e-01   3.19173330e-01   2.70244364e-01   3.74956050e-02]
 [  4.71291535e-01   2.87774656e-01   1.91921330e-01   4.10191215e-01]
 [  2.14779340e-01   9.30599470e-02   1.39964048e-01   6.47311402e-02]
 [  9.74081098e-02   3.73825578e-01   3.33312148e-01   2.13675432e-01]
 [  4.01409016e-01   1.29665620e-01   3.80012856e-01   4.57119424e-01]
 [  1.34831527e-02   2.64627463e-01   1.74938447e-01   4.23842427e-01]
 [  3.66040468e-01   4.77595179e-01   2.15205042e-01   3.62865109e-01]
 [  6.53904339e-02   1.21701823e-01   3.26709104e-01   9.84150395e-02]]
1
4.62591036744
[[  2.88529471e-01   2.93015936e-01   3.06648870e-01   2.99539561e-01]
 [ -1.01795163e+00  -5.39241770e+01  -2.36105114e-01   1.43400585e+01]
 [  6.19076023e+00  -5.94142812e-01   0.00000000e+00   1.63457228e-01]
 [  2.78288136e-01   2.19417293e+01  -4.68422616e-01  -2.72323367e+01]
 [ -7.20547828e-02   2.58708856e-01   6.16890756e+00  -3.90623505e-01]
 [  2.64341283e-01   2.20337391e-01   2.89669863e-01   2.74858156e-01]
 [ -2.81109562e-02  -1.04098545e-02  -3.62106043e-02  -4.60813567e-02]
 [  1.46482199e-02   1.75712877e-02   0.00000000e+00   1.45501378e-02]
 [ -2.65339654e-01  -2.78421073e-01  -2.55650143e-01  -2.24785951e-01]
 [ -3.79749016e-02  -4.85855006e-02  -3.43441417e-02  -2.20853640e-02]
 [  1.80785744e-01   2.17034777e-01   1.82909961e-01   1.93689701e-01]
 [  8.33250786e-02   1.01385383e-01   7.98512504e-02   5.26440519e-02]
 [  0.00000000e+00   2.48328631e-02   0.00000000e+00   1.32644067e-02]
 [ -3.22011142e-02  -7.50235589e-02  -2.66659954e-02  -2.76985757e-02]
 [ -2.71361258e-02   0.00000000e+00  -1.96786742e-02  -2.86948419e-02]
 [ -5.98635542e-01  -6.97258640e-01  -6.51055188e-01  -5.20072230e-01]
 [ -1.51749639e-01  -1.60413827e-01  -5.02958749e-02  -4.17850180e-02]
 [ -2.85897082e-02   2.67723165e-02  -1.20210971e-02  -3.40521991e-02]
 [  0.00000000e+00  -2.83803916e-02  -1.16246054e-02   0.00000000e+00]
 [  1.54710089e-02   9.72790576e-02  -5.83732339e-02  -2.41992967e-02]
 [  7.10690177e-02   0.00000000e+00  -2.35501005e-02   0.00000000e+00]
 [  0.00000000e+00  -1.18282083e-02   0.00000000e+00   2.42324581e-02]
 [  2.60878601e-01   3.31039253e-01   5.35289226e-01   4.26452276e-01]
 [ -2.31829241e-02   4.64991003e-02   0.00000000e+00   3.58364890e-02]
 [  5.54070512e-02  -6.44267131e-02  -1.35282954e-01   0.00000000e+00]
 [ -1.06139890e-01   5.87840615e-02  -1.42532444e-01  -1.86866867e-01]
 [ -6.11978280e-02  -1.37860874e-01  -7.28793676e-02  -4.63293579e-02]
 [ -4.36860132e-02  -2.12606372e-02  -3.74907221e-02  -3.95150357e-02]
 [ -6.45076175e-02  -8.45804636e-02  -2.03453765e-02  -4.52879705e-02]
 [  7.83360827e-02   1.25412891e-01   7.16842494e-02   7.80023775e-02]
 [ -4.84287954e-02   0.00000000e+00  -7.86578065e-02  -5.66769285e-02]
 [  2.56037913e-02   0.00000000e+00   0.00000000e+00  -1.42477647e-02]
 [  1.51011635e-02   0.00000000e+00   0.00000000e+00   3.44558481e-02]
 [ -3.95166711e-02  -2.00600830e-02   0.00000000e+00  -1.70423666e-02]
 [  0.00000000e+00   1.00881168e-02   0.00000000e+00   0.00000000e+00]]
2
Finished successfully!, number of iterations:  2
0.0805292110489
[[  2.80615813e-01   2.84212761e-01   2.72520985e-01   3.18133441e-01]
 [ -1.29649413e+00  -5.24469212e+01  -1.47276863e-01   1.35985661e+01]
 [  6.30749371e+00  -6.21826166e-01  -7.99650188e-02   1.65211432e-01]
 [  3.41711949e-01   2.12259799e+01  -5.11933755e-01  -2.69018609e+01]
 [ -1.60812345e-01   2.16263520e-01   6.22819659e+00  -3.88260669e-01]
 [  2.57402954e-01   2.43776744e-01   2.44899455e-01   2.97160057e-01]
 [ -2.39833485e-02  -4.32727221e-02  -2.48485613e-02  -3.37460587e-02]
 [  1.26412233e-02   1.15484291e-02   1.54182372e-02   1.53078600e-02]
 [ -2.40309058e-01  -2.26009797e-01  -2.45456498e-01  -2.71245124e-01]
 [ -2.76582179e-02  -3.27725658e-02  -3.42386133e-02  -1.97651034e-02]
 [  1.75252204e-01   1.90358509e-01   1.66223660e-01   1.88715607e-01]
 [  1.00456957e-01   6.73481895e-02   9.34631727e-02   8.46973420e-02]
 [  0.00000000e+00   2.12501225e-02   1.32017706e-02   0.00000000e+00]
 [ -2.79596290e-02  -7.35137065e-02  -3.39343622e-02  -1.07233634e-02]
 [ -2.37556999e-02   0.00000000e+00  -1.24966912e-02  -2.51527096e-02]
 [ -8.26039288e-01   5.51864082e-01  -5.76372649e-01  -1.11356665e+00]
 [  2.82893052e-02  -1.46778122e-01  -1.57919816e-01  -5.57011417e-02]
 [ -1.16328069e-02   2.78368251e-02   0.00000000e+00  -2.41195814e-02]
 [  0.00000000e+00  -2.11699898e-02  -1.13874874e-02   0.00000000e+00]
 [  1.64378589e-01  -8.07197346e-01  -1.29358674e-01   4.47039024e-01]
 [ -2.63177859e-02   0.00000000e+00   6.25178562e-02   0.00000000e+00]
 [  0.00000000e+00  -1.58863207e-02   0.00000000e+00   1.84105359e-02]
 [  2.41903185e-01   9.87657673e-01   5.48583593e-01   8.80145225e-02]
 [  3.37396451e-02  -3.10402694e-02  -2.30190937e-02   5.72342799e-02]
 [  2.55898591e-02  -3.45722739e-01  -1.33255017e-01   1.03270414e-01]
 [ -2.20013501e-01  -3.21388003e-02  -4.94865391e-02  -1.71873842e-01]
 [ -5.48864169e-02  -6.44125477e-02  -6.70346389e-02  -6.81518524e-02]
 [ -3.53252308e-02  -2.70915086e-02  -4.14951322e-02  -3.79957228e-02]
 [  0.00000000e+00  -4.68470119e-02  -9.86343453e-02  -5.67553934e-02]
 [  7.05432439e-02   1.00722668e-01   9.13109246e-02   8.56153937e-02]
 [ -9.67741065e-02   0.00000000e+00  -5.14036291e-02  -6.40318340e-02]
 [  2.75172075e-02   7.67437281e-02   1.57679019e-02  -1.25666135e-02]
 [  2.11796048e-02   1.07595302e-02   0.00000000e+00   2.33047871e-02]
 [ -3.74294429e-02  -3.98051563e-02  -1.16466291e-02  -1.14592869e-02]
 [  0.00000000e+00   0.00000000e+00   0.00000000e+00   0.00000000e+00]]
Time taken for 4D num time series exp:  40.21842813491821 , number of time series:  8
Avg AR burnin:  0.3005625 , Avg AR sampling:  0.13655625

 Estimated ordinary:  [[ -2.77860043e-03  -7.43396974e-02   9.94504550e-01   3.51102645e-02
    1.40325370e-02   2.89680099e-02  -3.81706846e-03   1.42263745e-03
   -3.82463745e-02  -4.40194210e-03   1.97228023e-02   1.59882213e-02
    0.00000000e+00  -4.44991315e-03  -2.67345553e-03  -5.36716825e-02
    3.18366538e-03  -1.30915073e-03   0.00000000e+00   1.84990907e-02
   -4.18860572e-03   0.00000000e+00   2.72236731e-02   3.79704413e-03
    1.66269427e-03  -2.47602180e-02  -8.73544455e-03  -3.97548521e-03
    0.00000000e+00   1.12273060e-02  -1.08909134e-02   3.09677386e-03
    2.38354297e-03  -4.21229227e-03   0.00000000e+00]
 [ -4.92317045e-03  -8.57767841e+00  -7.60394374e-02   3.54271846e+00
    4.10851599e-02   2.74345225e-02  -6.88706762e-03   1.29965489e-03
   -3.59705764e-02  -5.21591585e-03   2.14228589e-02   1.07187973e-02
    3.38206204e-03  -1.17000698e-02   0.00000000e+00   3.58572216e-02
   -1.65183423e-02   3.13274348e-03  -1.37551445e-03  -9.08416177e-02
    0.00000000e+00  -1.78783922e-03   1.11150540e-01  -3.49325763e-03
   -2.24632428e-02  -3.61688579e-03  -1.02515754e-02  -3.04886590e-03
   -7.45593351e-03   1.60305106e-02   0.00000000e+00   8.63670383e-03
    1.21087258e-03  -4.47965396e-03   0.00000000e+00]
 [ -3.22333353e-03   2.53972795e-02   9.85565049e-03  -3.96334881e-02
    1.00727225e+00   2.75608719e-02  -3.95477136e-03   1.73516132e-03
   -3.90656149e-02  -5.44924456e-03   1.87067341e-02   1.48751259e-02
    2.10112705e-03  -5.40082148e-03  -1.40637187e-03  -3.74496592e-02
   -1.77722234e-02   0.00000000e+00  -7.39898959e-04  -1.45579656e-02
    9.95002585e-03   0.00000000e+00   6.17373450e-02  -2.59055821e-03
   -8.65820922e-03  -5.56919233e-03  -1.06688941e-02  -4.66984307e-03
   -1.56981436e-02   1.45325850e-02  -5.78494075e-03   1.77451242e-03
    0.00000000e+00  -1.31070627e-03   0.00000000e+00]
 [ -2.93977889e-03   2.37556364e+00   2.34989674e-02  -4.35278591e+00
   -3.09688674e-02   3.34422559e-02  -5.37085205e-03   1.72273952e-03
   -4.31700023e-02  -3.14571391e-03   2.12379675e-02   1.34800006e-02
    0.00000000e+00  -1.70667630e-03  -2.83067435e-03  -7.23536965e-02
   -6.26858083e-03  -2.71440659e-03   0.00000000e+00   5.03095659e-02
    0.00000000e+00   2.07191324e-03   9.90511384e-03   6.44111951e-03
    6.70996762e-03  -1.93426031e-02  -1.08467042e-02  -4.27602115e-03
   -9.03290141e-03   1.36261131e-02  -7.20611311e-03  -1.41424090e-03
    2.62271001e-03  -1.28962287e-03   0.00000000e+00]] 
 True ordinary:  [[ 0.          0.          1.          0.          0.          0.          0.
   0.          0.          0.          0.          0.          0.          0.
   0.          0.          0.          0.          0.          0.          0.
   0.          0.          0.          0.          0.          0.          0.
   0.          0.          0.          0.          0.          0.          0.        ]
 [ 0.         -8.5         0.          3.5         0.          0.          0.
   0.          0.          0.          0.          0.          0.          0.
   0.          0.          0.          0.          0.          0.          0.
   0.          0.          0.          0.          0.          0.          0.
   0.          0.          0.          0.          0.          0.          0.        ]
 [ 0.          0.          0.          0.          1.          0.          0.
   0.          0.          0.          0.          0.          0.          0.
   0.          0.          0.          0.          0.          0.          0.
   0.          0.          0.          0.          0.          0.          0.
   0.          0.          0.          0.          0.          0.          0.        ]
 [ 0.          2.33333333  0.         -4.33333333  0.          0.          0.
   0.          0.          0.          0.          0.          0.          0.
   0.          0.          0.          0.          0.          0.          0.
   0.          0.          0.          0.          0.          0.          0.
   0.          0.          0.          0.          0.          0.          0.        ]]

 Estimated hermite:  [[  2.80615813e-01  -1.29649413e+00   6.30749371e+00   3.41711949e-01
   -1.60812345e-01   2.57402954e-01  -2.39833485e-02   1.26412233e-02
   -2.40309058e-01  -2.76582179e-02   1.75252204e-01   1.00456957e-01
    0.00000000e+00  -2.79596290e-02  -2.37556999e-02  -8.26039288e-01
    2.82893052e-02  -1.16328069e-02   0.00000000e+00   1.64378589e-01
   -2.63177859e-02   0.00000000e+00   2.41903185e-01   3.37396451e-02
    2.55898591e-02  -2.20013501e-01  -5.48864169e-02  -3.53252308e-02
    0.00000000e+00   7.05432439e-02  -9.67741065e-02   2.75172075e-02
    2.11796048e-02  -3.74294429e-02   0.00000000e+00]
 [  2.84212761e-01  -5.24469212e+01  -6.21826166e-01   2.12259799e+01
    2.16263520e-01   2.43776744e-01  -4.32727221e-02   1.15484291e-02
   -2.26009797e-01  -3.27725658e-02   1.90358509e-01   6.73481895e-02
    2.12501225e-02  -7.35137065e-02   0.00000000e+00   5.51864082e-01
   -1.46778122e-01   2.78368251e-02  -2.11699898e-02  -8.07197346e-01
    0.00000000e+00  -1.58863207e-02   9.87657673e-01  -3.10402694e-02
   -3.45722739e-01  -3.21388003e-02  -6.44125477e-02  -2.70915086e-02
   -4.68470119e-02   1.00722668e-01   0.00000000e+00   7.67437281e-02
    1.07595302e-02  -3.98051563e-02   0.00000000e+00]
 [  2.72520985e-01  -1.47276863e-01  -7.99650188e-02  -5.11933755e-01
    6.22819659e+00   2.44899455e-01  -2.48485613e-02   1.54182372e-02
   -2.45456498e-01  -3.42386133e-02   1.66223660e-01   9.34631727e-02
    1.32017706e-02  -3.39343622e-02  -1.24966912e-02  -5.76372649e-01
   -1.57919816e-01   0.00000000e+00  -1.13874874e-02  -1.29358674e-01
    6.25178562e-02   0.00000000e+00   5.48583593e-01  -2.30190937e-02
   -1.33255017e-01  -4.94865391e-02  -6.70346389e-02  -4.14951322e-02
   -9.86343453e-02   9.13109246e-02  -5.14036291e-02   1.57679019e-02
    0.00000000e+00  -1.16466291e-02   0.00000000e+00]
 [  3.18133441e-01   1.35985661e+01   1.65211432e-01  -2.69018609e+01
   -3.88260669e-01   2.97160057e-01  -3.37460587e-02   1.53078600e-02
   -2.71245124e-01  -1.97651034e-02   1.88715607e-01   8.46973420e-02
    0.00000000e+00  -1.07233634e-02  -2.51527096e-02  -1.11356665e+00
   -5.57011417e-02  -2.41195814e-02   0.00000000e+00   4.47039024e-01
    0.00000000e+00   1.84105359e-02   8.80145225e-02   5.72342799e-02
    1.03270414e-01  -1.71873842e-01  -6.81518524e-02  -3.79957228e-02
   -5.67553934e-02   8.56153937e-02  -6.40318340e-02  -1.25666135e-02
    2.33047871e-02  -1.14592869e-02   0.00000000e+00]] 
 True hermite:  [[  0.           0.           6.28318531   0.           0.           0.
    0.           0.           0.           0.           0.           0.
    0.           0.           0.           0.           0.           0.
    0.           0.           0.           0.           0.           0.
    0.           0.           0.           0.           0.           0.
    0.           0.           0.           0.           0.        ]
 [  0.         -53.40707511   0.          21.99114858   0.           0.
    0.           0.           0.           0.           0.           0.
    0.           0.           0.           0.           0.           0.
    0.           0.           0.           0.           0.           0.
    0.           0.           0.           0.           0.           0.
    0.           0.           0.           0.           0.        ]
 [  0.           0.           0.           0.           6.28318531   0.
    0.           0.           0.           0.           0.           0.
    0.           0.           0.           0.           0.           0.
    0.           0.           0.           0.           0.           0.
    0.           0.           0.           0.           0.           0.
    0.           0.           0.           0.           0.        ]
 [  0.          14.66076572   0.         -27.22713633   0.           0.
    0.           0.           0.           0.           0.           0.
    0.           0.           0.           0.           0.           0.
    0.           0.           0.           0.           0.           0.
    0.           0.           0.           0.           0.           0.
    0.           0.           0.           0.           0.        ]]


