My SLURM_ARRAY_TASK_ID:  10
Data shape: (10, 101, 4)
Theta shape: (35, 4)
Theta: [[ 0.12607968  0.23761233  0.22674831  0.39287532]
 [ 0.35701983  0.30803348  0.18744347  0.1720379 ]
 [ 0.45552761  0.00494592  0.00224687  0.40965464]
 [ 0.44571176  0.4030577   0.20536264  0.28345432]
 [ 0.41631381  0.18050483  0.31849776  0.4802222 ]
 [ 0.02576925  0.12058462  0.16914753  0.20644852]
 [ 0.44169715  0.42573031  0.1524011   0.40975747]
 [ 0.4471977   0.11267658  0.49132363  0.20590372]
 [ 0.23284425  0.29668805  0.36921513  0.35545042]
 [ 0.32995631  0.0996533   0.37397277  0.09752846]
 [ 0.02102851  0.39016436  0.04084163  0.33556797]
 [ 0.44533996  0.17973321  0.24583609  0.02515937]
 [ 0.07168977  0.17731946  0.28847849  0.26020315]
 [ 0.39677274  0.18188881  0.20346166  0.16834607]
 [ 0.48279275  0.38234782  0.25547795  0.38138774]
 [ 0.15316179  0.18238773  0.25579466  0.13909821]
 [ 0.06392348  0.47811638  0.02823216  0.20730799]
 [ 0.0984516   0.30478889  0.38291962  0.20606975]
 [ 0.37228871  0.43125509  0.466905    0.22498498]
 [ 0.37894237  0.24679274  0.34842078  0.13675272]
 [ 0.14411852  0.27830547  0.34106338  0.24490514]
 [ 0.29403305  0.07396109  0.16083527  0.41431555]
 [ 0.25635415  0.04789203  0.36158048  0.4075723 ]
 [ 0.31441943  0.01568856  0.01220082  0.40499003]
 [ 0.34666739  0.25770141  0.25582165  0.10866148]
 [ 0.31422728  0.00497245  0.36569438  0.24227673]
 [ 0.47485154  0.38584924  0.24928919  0.17182543]
 [ 0.49825887  0.34690917  0.04376107  0.23102304]
 [ 0.17227601  0.36092804  0.06123464  0.2338783 ]
 [ 0.35680043  0.48623306  0.04775378  0.37690787]
 [ 0.11277414  0.43038061  0.4477733   0.14040965]
 [ 0.0444121   0.32418224  0.11010872  0.45850331]
 [ 0.43579481  0.14224018  0.09636995  0.02049449]
 [ 0.28816451  0.11757806  0.45849767  0.01599272]
 [ 0.00353816  0.23264839  0.00668734  0.05054264]]
1
4.73277211412
[[  1.54087905e-02   3.82143102e-02   1.77116609e-02   1.83279272e-02]
 [ -6.63720094e-01  -5.31894601e+01   3.01610171e-01   1.46281049e+01]
 [  6.25326997e+00  -6.26375463e-01  -2.40644645e-02   1.76325301e-01]
 [  3.01788912e-01   2.16535716e+01  -5.12362206e-01  -2.71748572e+01]
 [ -2.24742632e-02   3.44861447e-01   6.25886649e+00  -3.75226284e-01]
 [ -7.33696330e-02  -8.57344449e-02  -8.23264212e-02  -7.90626290e-02]
 [ -2.44476518e-02  -5.84789120e-02  -2.68848463e-02  -2.04335932e-02]
 [  0.00000000e+00   1.62216225e-02   1.04812576e-02   0.00000000e+00]
 [ -1.53939951e-02   0.00000000e+00   0.00000000e+00   0.00000000e+00]
 [ -3.52106002e-02  -5.77649608e-02  -3.94249613e-02  -2.64543558e-02]
 [  9.66110681e-02   1.35453788e-01   1.13664353e-01   1.14522043e-01]
 [ -2.27832783e-02  -7.01209665e-02  -3.94022079e-02  -3.54207423e-02]
 [  0.00000000e+00   1.85036051e-02   0.00000000e+00   1.01396318e-02]
 [  2.54645678e-02   0.00000000e+00   2.45479900e-02   4.40731034e-02]
 [  1.34524236e-02   2.02742926e-02   1.16153564e-02   1.93006092e-02]
 [ -3.18983345e-02   1.06400044e-01   8.51164256e-02   7.10953475e-02]
 [ -6.65774516e-02  -1.34952005e-01  -4.76729675e-02   0.00000000e+00]
 [ -1.81892098e-02  -1.86543744e-02   0.00000000e+00  -1.38335655e-02]
 [ -1.08459146e-02  -4.31490316e-02   0.00000000e+00   0.00000000e+00]
 [ -1.61970246e-01  -2.14868815e-01  -2.18532573e-01  -1.17088976e-01]
 [  0.00000000e+00  -6.87753956e-02   1.71484944e-02   0.00000000e+00]
 [  0.00000000e+00   0.00000000e+00   1.44201750e-02   0.00000000e+00]
 [ -2.21170520e-01   1.12511144e-01   8.30560182e-02  -1.48222985e-01]
 [  0.00000000e+00  -1.12581186e-01  -1.47368421e-02   4.38023262e-02]
 [  1.74841361e-01  -2.21068332e-01  -1.00632500e-01   9.43987310e-02]
 [  0.00000000e+00   1.88891555e-01   3.70011003e-02  -9.02178638e-02]
 [ -6.42336169e-02  -8.72524379e-02  -6.45077663e-02  -7.80475205e-02]
 [ -1.09255064e-02  -1.41253458e-02  -1.06937192e-02   0.00000000e+00]
 [ -3.40935303e-02  -6.33347405e-02  -4.16022013e-02  -2.65403165e-02]
 [  4.74838819e-02   8.15656678e-02   4.14292930e-02   4.61617642e-02]
 [ -1.10973586e-01  -2.96338849e-02  -1.51310418e-01  -1.60786902e-01]
 [ -1.04254549e-01  -6.84921315e-02  -5.28809796e-02  -8.76206240e-02]
 [  0.00000000e+00  -2.37164854e-02   0.00000000e+00   0.00000000e+00]
 [ -1.93785898e-02  -5.22554175e-02  -4.13016002e-02  -1.44627265e-02]
 [  2.29347977e-02   6.28266894e-02   2.90332187e-02   1.96758891e-02]]
2
Finished successfully!, number of iterations:  2
0.0443365362879
[[  1.28508915e-02   4.11875860e-02   1.62978599e-02   2.61624125e-02]
 [ -8.92997313e-01  -5.25436766e+01   3.02200899e-01   1.42587574e+01]
 [  6.28919876e+00  -6.64664494e-01  -2.37033581e-02   1.81121620e-01]
 [  4.11274090e-01   2.14355369e+01  -4.83776418e-01  -2.70109038e+01]
 [ -6.43474977e-02   3.20255744e-01   6.26677552e+00  -3.82321146e-01]
 [ -9.51778809e-02  -7.82882612e-02  -8.53653701e-02  -6.41007762e-02]
 [ -1.89133217e-02  -4.95355927e-02  -2.46226152e-02  -2.14888676e-02]
 [  0.00000000e+00   1.23247951e-02   1.26669064e-02   0.00000000e+00]
 [ -2.22792823e-02   0.00000000e+00   0.00000000e+00  -1.25306669e-02]
 [ -2.83771110e-02  -4.77677874e-02  -2.77288811e-02  -2.13799601e-02]
 [  1.13195097e-01   1.45937857e-01   1.12029865e-01   1.04952173e-01]
 [ -1.46525750e-02  -7.01972281e-02  -2.79457070e-02  -1.80532948e-02]
 [  0.00000000e+00   1.56207363e-02   1.33927533e-02   0.00000000e+00]
 [  3.76248318e-02  -2.43958153e-02   3.05746693e-02   5.81978245e-02]
 [  1.39554423e-02   0.00000000e+00   1.59558725e-02   1.67096622e-02]
 [ -1.89706749e-01   8.11544970e-01   1.17534818e-01  -2.94077856e-01]
 [  0.00000000e+00  -1.61450383e-01  -7.02222902e-02  -2.70134584e-02]
 [ -1.71195725e-02   3.05259157e-02   0.00000000e+00  -2.21151845e-02]
 [  0.00000000e+00  -3.49254427e-02  -1.04661179e-02   0.00000000e+00]
 [ -9.84747628e-02  -5.40085540e-01  -2.36002652e-01   1.45045552e-02]
 [ -2.42491205e-02  -2.70148088e-02   1.64952683e-02   0.00000000e+00]
 [  1.99072022e-02   0.00000000e+00   1.45687383e-02   2.04758976e-02]
 [ -3.26255660e-01   3.88953016e-01   5.91525218e-02  -3.31400617e-01]
 [  3.62932269e-02  -1.34637512e-01  -1.68477022e-02   7.26076878e-02]
 [  2.41311704e-01  -3.41703420e-01  -7.39762586e-02   2.42889639e-01]
 [ -6.33870096e-02   1.08600023e-01   3.64126219e-02  -7.08670953e-02]
 [ -6.83552540e-02  -2.42265834e-02  -5.93065581e-02  -7.26777639e-02]
 [  0.00000000e+00  -2.00984662e-02   0.00000000e+00   0.00000000e+00]
 [ -1.42489604e-02  -4.71983780e-02  -5.46781827e-02  -2.32296730e-02]
 [  5.65780399e-02   5.92899628e-02   5.65860239e-02   5.23372035e-02]
 [ -1.33593763e-01   0.00000000e+00  -1.11210756e-01  -1.86210836e-01]
 [ -1.08114626e-01   2.97427067e-02  -5.26363313e-02  -1.22463033e-01]
 [  0.00000000e+00  -2.90908042e-02   0.00000000e+00   1.35486504e-02]
 [ -1.51939544e-02  -5.78001507e-02  -4.10944465e-02  -2.51694449e-02]
 [  2.27641286e-02   6.34911792e-02   2.29714656e-02   0.00000000e+00]]
Time taken for 4D num time series exp:  46.282296895980835 , number of time series:  10
Avg AR burnin:  0.27975 , Avg AR sampling:  0.110805

 Estimated ordinary:  [[ -1.55290532e-03  -5.43360393e-02   9.96872648e-01   2.89706912e-02
    7.48962356e-03  -1.07112749e-02  -3.01014863e-03   0.00000000e+00
   -3.54585791e-03  -4.51635748e-03   1.27389241e-02  -2.33202974e-03
    0.00000000e+00   5.98817797e-03   1.57053905e-03  -1.23261455e-02
    0.00000000e+00  -1.92662880e-03   0.00000000e+00  -1.10823045e-02
   -3.85936739e-03   2.24034737e-03  -3.67166617e-02   4.08442305e-03
    1.56791636e-02  -7.13354487e-03  -1.08790766e-02   0.00000000e+00
   -2.26779248e-03   9.00467472e-03  -1.50345806e-02  -1.21671703e-02
    0.00000000e+00  -1.70992063e-03   1.47909319e-03]
 [ -2.44507323e-03  -8.57133081e+00  -6.23813646e-02   3.54546371e+00
    2.86343928e-02  -8.81052487e-03  -7.88383444e-03   1.38702677e-03
    0.00000000e+00  -7.60247949e-03   1.64237792e-02  -1.11722358e-02
    2.48611740e-03  -3.88271460e-03   0.00000000e+00   5.27299181e-02
   -1.81695518e-02   3.43537250e-03  -2.26927133e-03  -6.07809780e-02
   -4.29954036e-03   0.00000000e+00   4.37725933e-02  -1.51520436e-02
   -2.22020886e-02   1.22217966e-02  -3.85578050e-03  -2.26187213e-03
   -7.51185517e-03   9.43629065e-03   0.00000000e+00   3.34723052e-03
   -3.27386571e-03  -6.50480235e-03   4.12532244e-03]
 [ -3.62811936e-03   2.44530573e-02   8.06640989e-03  -3.30308244e-02
    1.00132835e+00  -9.60697944e-03  -3.91881093e-03   1.42552782e-03
    0.00000000e+00  -4.41318850e-03   1.26077894e-02  -4.44769741e-03
    2.13152290e-03   4.86610975e-03   1.79566654e-03   7.63679350e-03
   -7.90278420e-03   0.00000000e+00  -6.80033219e-04  -2.65596298e-02
    2.62530348e-03   1.63955910e-03   6.65699757e-03  -1.89603265e-03
   -4.80658768e-03   4.09785971e-03  -9.43893187e-03   0.00000000e+00
   -8.70230306e-03   9.00594541e-03  -1.25156073e-02  -5.92366848e-03
    0.00000000e+00  -4.62475009e-03   1.49256486e-03]
 [ -2.31401783e-03   2.38024105e+00   2.21704887e-02  -4.34736805e+00
   -3.19168682e-02  -7.21387184e-03  -3.42005950e-03   0.00000000e+00
   -1.99431757e-03  -3.40272633e-03   1.18112692e-02  -2.87327110e-03
    0.00000000e+00   9.26247145e-03   1.88049769e-03  -1.91076303e-02
   -3.04008217e-03  -2.48883268e-03   0.00000000e+00   1.63233596e-03
    0.00000000e+00   2.30434808e-03  -3.72956728e-02   8.17123575e-03
    1.57816895e-02  -7.97535027e-03  -1.15670254e-02   0.00000000e+00
   -3.69711728e-03   8.32972465e-03  -2.09560817e-02  -1.37819333e-02
    1.52475887e-03  -2.83255774e-03   0.00000000e+00]] 
 True ordinary:  [[ 0.          0.          1.          0.          0.          0.          0.
   0.          0.          0.          0.          0.          0.          0.
   0.          0.          0.          0.          0.          0.          0.
   0.          0.          0.          0.          0.          0.          0.
   0.          0.          0.          0.          0.          0.          0.        ]
 [ 0.         -8.5         0.          3.5         0.          0.          0.
   0.          0.          0.          0.          0.          0.          0.
   0.          0.          0.          0.          0.          0.          0.
   0.          0.          0.          0.          0.          0.          0.
   0.          0.          0.          0.          0.          0.          0.        ]
 [ 0.          0.          0.          0.          1.          0.          0.
   0.          0.          0.          0.          0.          0.          0.
   0.          0.          0.          0.          0.          0.          0.
   0.          0.          0.          0.          0.          0.          0.
   0.          0.          0.          0.          0.          0.          0.        ]
 [ 0.          2.33333333  0.         -4.33333333  0.          0.          0.
   0.          0.          0.          0.          0.          0.          0.
   0.          0.          0.          0.          0.          0.          0.
   0.          0.          0.          0.          0.          0.          0.
   0.          0.          0.          0.          0.          0.          0.        ]]

 Estimated hermite:  [[  1.28508915e-02  -8.92997313e-01   6.28919876e+00   4.11274090e-01
   -6.43474977e-02  -9.51778809e-02  -1.89133217e-02   0.00000000e+00
   -2.22792823e-02  -2.83771110e-02   1.13195097e-01  -1.46525750e-02
    0.00000000e+00   3.76248318e-02   1.39554423e-02  -1.89706749e-01
    0.00000000e+00  -1.71195725e-02   0.00000000e+00  -9.84747628e-02
   -2.42491205e-02   1.99072022e-02  -3.26255660e-01   3.62932269e-02
    2.41311704e-01  -6.33870096e-02  -6.83552540e-02   0.00000000e+00
   -1.42489604e-02   5.65780399e-02  -1.33593763e-01  -1.08114626e-01
    0.00000000e+00  -1.51939544e-02   2.27641286e-02]
 [  4.11875860e-02  -5.25436766e+01  -6.64664494e-01   2.14355369e+01
    3.20255744e-01  -7.82882612e-02  -4.95355927e-02   1.23247951e-02
    0.00000000e+00  -4.77677874e-02   1.45937857e-01  -7.01972281e-02
    1.56207363e-02  -2.43958153e-02   0.00000000e+00   8.11544970e-01
   -1.61450383e-01   3.05259157e-02  -3.49254427e-02  -5.40085540e-01
   -2.70148088e-02   0.00000000e+00   3.88953016e-01  -1.34637512e-01
   -3.41703420e-01   1.08600023e-01  -2.42265834e-02  -2.00984662e-02
   -4.71983780e-02   5.92899628e-02   0.00000000e+00   2.97427067e-02
   -2.90908042e-02  -5.78001507e-02   6.34911792e-02]
 [  1.62978599e-02   3.02200899e-01  -2.37033581e-02  -4.83776418e-01
    6.26677552e+00  -8.53653701e-02  -2.46226152e-02   1.26669064e-02
    0.00000000e+00  -2.77288811e-02   1.12029865e-01  -2.79457070e-02
    1.33927533e-02   3.05746693e-02   1.59558725e-02   1.17534818e-01
   -7.02222902e-02   0.00000000e+00  -1.04661179e-02  -2.36002652e-01
    1.64952683e-02   1.45687383e-02   5.91525218e-02  -1.68477022e-02
   -7.39762586e-02   3.64126219e-02  -5.93065581e-02   0.00000000e+00
   -5.46781827e-02   5.65860239e-02  -1.11210756e-01  -5.26363313e-02
    0.00000000e+00  -4.10944465e-02   2.29714656e-02]
 [  2.61624125e-02   1.42587574e+01   1.81121620e-01  -2.70109038e+01
   -3.82321146e-01  -6.41007762e-02  -2.14888676e-02   0.00000000e+00
   -1.25306669e-02  -2.13799601e-02   1.04952173e-01  -1.80532948e-02
    0.00000000e+00   5.81978245e-02   1.67096622e-02  -2.94077856e-01
   -2.70134584e-02  -2.21151845e-02   0.00000000e+00   1.45045552e-02
    0.00000000e+00   2.04758976e-02  -3.31400617e-01   7.26076878e-02
    2.42889639e-01  -7.08670953e-02  -7.26777639e-02   0.00000000e+00
   -2.32296730e-02   5.23372035e-02  -1.86210836e-01  -1.22463033e-01
    1.35486504e-02  -2.51694449e-02   0.00000000e+00]] 
 True hermite:  [[  0.           0.           6.28318531   0.           0.           0.
    0.           0.           0.           0.           0.           0.
    0.           0.           0.           0.           0.           0.
    0.           0.           0.           0.           0.           0.
    0.           0.           0.           0.           0.           0.
    0.           0.           0.           0.           0.        ]
 [  0.         -53.40707511   0.          21.99114858   0.           0.
    0.           0.           0.           0.           0.           0.
    0.           0.           0.           0.           0.           0.
    0.           0.           0.           0.           0.           0.
    0.           0.           0.           0.           0.           0.
    0.           0.           0.           0.           0.        ]
 [  0.           0.           0.           0.           6.28318531   0.
    0.           0.           0.           0.           0.           0.
    0.           0.           0.           0.           0.           0.
    0.           0.           0.           0.           0.           0.
    0.           0.           0.           0.           0.           0.
    0.           0.           0.           0.           0.        ]
 [  0.          14.66076572   0.         -27.22713633   0.           0.
    0.           0.           0.           0.           0.           0.
    0.           0.           0.           0.           0.           0.
    0.           0.           0.           0.           0.           0.
    0.           0.           0.           0.           0.           0.
    0.           0.           0.           0.           0.        ]]


