My SLURM_ARRAY_TASK_ID:  3
Data shape: (10, 101, 4)
Theta shape: (35, 4)
Theta: [[ 0.08450814  0.24753255  0.38300399  0.38043416]
 [ 0.36660911  0.47802177  0.30144609  0.12038163]
 [ 0.07733109  0.32686631  0.4616945   0.12626572]
 [ 0.17281289  0.2206681   0.39977216  0.25295243]
 [ 0.07634018  0.37170117  0.15704492  0.43541857]
 [ 0.38531624  0.17239051  0.10452699  0.17319291]
 [ 0.10716888  0.21325843  0.36440181  0.34149955]
 [ 0.09915931  0.13619965  0.2453515   0.18608225]
 [ 0.07565933  0.08556603  0.08546365  0.28043209]
 [ 0.35290192  0.22804561  0.3243606   0.2767236 ]
 [ 0.110738    0.25769198  0.36037676  0.23070461]
 [ 0.0565574   0.03141772  0.26248021  0.41294193]
 [ 0.31278454  0.18110311  0.31993339  0.41089823]
 [ 0.40048973  0.41110553  0.40270802  0.3677175 ]
 [ 0.30872406  0.28835125  0.23271606  0.13476188]
 [ 0.46466244  0.08447802  0.02542764  0.08657853]
 [ 0.12701175  0.32760114  0.46893906  0.42602899]
 [ 0.4397031   0.20558017  0.42173367  0.05505918]
 [ 0.40269152  0.13613411  0.31909982  0.1916552 ]
 [ 0.13155338  0.16357482  0.21427285  0.09692217]
 [ 0.00679321  0.39831304  0.00799452  0.28644778]
 [ 0.15233276  0.33226227  0.28280378  0.45164523]
 [ 0.30075615  0.47821079  0.41797986  0.13481343]
 [ 0.14924482  0.08215974  0.23726996  0.15214367]
 [ 0.39269217  0.10064689  0.05558222  0.2416745 ]
 [ 0.49265651  0.01223142  0.16691087  0.25235124]
 [ 0.32666832  0.07888674  0.31618174  0.26155248]
 [ 0.19449308  0.20048603  0.4260923   0.41566645]
 [ 0.48527318  0.0433886   0.49816533  0.27678696]
 [ 0.39873407  0.079431    0.02229096  0.18190518]
 [ 0.41445831  0.44955721  0.17286195  0.25762375]
 [ 0.30093957  0.3649258   0.12669578  0.32318729]
 [ 0.05026934  0.42002916  0.47833488  0.20498647]
 [ 0.00351745  0.08143112  0.11732423  0.16252116]
 [ 0.40771907  0.36866802  0.23507725  0.40314395]]
1
4.79272118973
[[  1.29410832e-02   2.44987364e-02   1.36511535e-02   3.26846477e-02]
 [ -8.25323940e-01  -5.33659954e+01   3.40335189e-01   1.46243829e+01]
 [  6.26871572e+00  -6.29137938e-01   0.00000000e+00   1.67752358e-01]
 [  4.27956712e-01   2.19321410e+01  -5.16561461e-01  -2.73055747e+01]
 [ -5.19254673e-02   3.07208023e-01   6.25854671e+00  -3.37332665e-01]
 [ -8.78663532e-02  -9.04919657e-02  -7.88869605e-02  -5.72004782e-02]
 [ -2.40412410e-02  -4.00443740e-02  -2.31648752e-02  -2.76319607e-02]
 [  0.00000000e+00   1.10417198e-02   0.00000000e+00   0.00000000e+00]
 [  0.00000000e+00   0.00000000e+00   2.36655422e-02   0.00000000e+00]
 [ -3.50255702e-02  -7.07565291e-02  -4.14030055e-02  -2.74133621e-02]
 [  1.09857852e-01   1.38841213e-01   1.04077245e-01   9.59342664e-02]
 [ -2.39280357e-02  -5.03071362e-02  -4.42873871e-02  -4.54907452e-02]
 [  0.00000000e+00   1.63881575e-02   0.00000000e+00   1.25868743e-02]
 [  2.57845877e-02  -4.89186740e-02   2.42608920e-02   6.16607033e-02]
 [  0.00000000e+00   1.82559873e-02   1.30240291e-02   2.27649810e-02]
 [ -1.32687528e-01   7.01210320e-02   1.18649457e-01   2.15699127e-02]
 [ -4.23182789e-02  -1.27465087e-01  -2.03795559e-02  -1.81068532e-02]
 [ -2.10422842e-02  -3.25749507e-02   0.00000000e+00  -1.27255377e-02]
 [ -1.41416589e-02  -3.22396747e-02  -1.24211297e-02   0.00000000e+00]
 [ -4.79709840e-02  -1.18131566e-01  -2.66193724e-01  -2.21451946e-01]
 [ -1.78210047e-02  -9.18562544e-02   0.00000000e+00   4.46771644e-02]
 [  0.00000000e+00   2.02003661e-02   1.42287595e-02   0.00000000e+00]
 [ -3.19980114e-01  -1.12821088e-01   8.14563055e-02  -8.51929494e-02]
 [  0.00000000e+00  -1.08731258e-01  -1.86619311e-02   6.60070998e-02]
 [  2.31560277e-01   0.00000000e+00  -7.64896048e-02   3.56270536e-02]
 [ -3.93232459e-02   1.23334518e-01   1.41953121e-02  -3.41642929e-02]
 [ -7.70637394e-02  -7.49625140e-02  -4.99740556e-02  -7.04423859e-02]
 [  0.00000000e+00  -1.04221905e-02  -1.14869787e-02  -1.04661869e-02]
 [  0.00000000e+00   2.82123727e-02  -5.87516379e-02  -5.95203659e-02]
 [  5.67728608e-02   5.62584838e-02   4.75739432e-02   4.22208425e-02]
 [ -1.16593448e-01  -2.78832435e-02  -1.21767408e-01  -1.49278081e-01]
 [ -1.07049686e-01  -1.13034669e-01  -5.80266737e-02  -9.34534456e-02]
 [ -1.10277771e-02  -2.15413630e-02   0.00000000e+00   0.00000000e+00]
 [ -2.08344851e-02  -2.17118232e-02  -3.03837630e-02  -5.55007351e-02]
 [  2.91668778e-02   7.53233317e-02   1.99643593e-02   0.00000000e+00]]
2
Finished successfully!, number of iterations:  2
0.0478763195941
[[  1.12838130e-02   4.36878618e-02   2.09111760e-02   3.13841738e-02]
 [ -9.13046059e-01  -5.25522295e+01   3.20717541e-01   1.43283434e+01]
 [  6.29220689e+00  -6.47653333e-01  -2.16162837e-02   1.82578717e-01]
 [  4.18658816e-01   2.14721338e+01  -5.20939902e-01  -2.70647107e+01]
 [ -6.21620735e-02   3.07959946e-01   6.26196221e+00  -3.55189149e-01]
 [ -9.19984777e-02  -7.02325631e-02  -8.23291800e-02  -6.80461067e-02]
 [ -1.90082155e-02  -5.14577115e-02  -2.43690690e-02  -2.42661773e-02]
 [  0.00000000e+00   1.16984962e-02   1.16990383e-02   0.00000000e+00]
 [ -1.48125066e-02  -1.87627330e-02   0.00000000e+00   0.00000000e+00]
 [ -2.89064736e-02  -5.10662900e-02  -2.91857235e-02  -1.80949965e-02]
 [  1.07725534e-01   1.40699361e-01   1.15206269e-01   1.15389931e-01]
 [ -1.83047708e-02  -7.53481995e-02  -3.12928189e-02  -2.22236335e-02]
 [  0.00000000e+00   1.57676239e-02   1.23473349e-02   0.00000000e+00]
 [  3.90209939e-02  -1.53430042e-02   3.66499488e-02   5.93749606e-02]
 [  1.55254258e-02   0.00000000e+00   1.63481215e-02   1.38250867e-02]
 [ -2.02012948e-01   8.01895619e-01   1.32222487e-01  -2.36479498e-01]
 [  0.00000000e+00  -1.46073165e-01  -6.93816207e-02  -2.54965018e-02]
 [ -1.74371663e-02   2.57105174e-02   0.00000000e+00  -1.73513915e-02]
 [  0.00000000e+00  -3.28211542e-02   0.00000000e+00   0.00000000e+00]
 [ -1.06391059e-01  -4.96516176e-01  -2.33015101e-01   0.00000000e+00]
 [ -1.90975097e-02  -2.13427747e-02   1.13859684e-02   0.00000000e+00]
 [  1.90830791e-02   0.00000000e+00   0.00000000e+00   2.10607847e-02]
 [ -3.39444252e-01   3.89624866e-01   6.51521156e-02  -3.00284516e-01]
 [  3.65471262e-02  -1.24931255e-01  -1.15603914e-02   7.47464272e-02]
 [  2.54772388e-01  -3.29586797e-01  -1.11799357e-01   1.97229706e-01]
 [ -5.92556015e-02   1.06483773e-01   3.26775108e-02  -5.13847321e-02]
 [ -7.06694852e-02  -2.58675177e-02  -5.48617959e-02  -6.93068224e-02]
 [  0.00000000e+00  -1.47901880e-02   0.00000000e+00   0.00000000e+00]
 [  0.00000000e+00  -3.68649418e-02  -5.99951501e-02  -3.47389126e-02]
 [  5.69977454e-02   5.64978187e-02   5.46706794e-02   5.39666487e-02]
 [ -1.33890559e-01  -1.85722308e-02  -1.15881372e-01  -1.64234860e-01]
 [ -1.15226232e-01   2.78082915e-02  -5.19927344e-02  -1.15852398e-01]
 [  0.00000000e+00  -2.11601273e-02   0.00000000e+00   1.08237995e-02]
 [ -1.49332110e-02  -5.67781707e-02  -3.73000093e-02  -2.17284841e-02]
 [  2.35237394e-02   6.71294561e-02   2.43566827e-02   0.00000000e+00]]
Time taken for 4D noise exp:  47.23777461051941 , noise strength:  [ 0.01  0.01  0.01  0.01]
Avg AR burnin:  0.2859 , Avg AR sampling:  0.12286

 Estimated ordinary:  [[ -1.72126538e-03  -5.28078036e-02   9.97322832e-01   2.84764926e-02
    7.25783255e-03  -1.03534663e-02  -3.02525145e-03   0.00000000e+00
   -2.35748365e-03  -4.60060817e-03   1.21233820e-02  -2.91329476e-03
    0.00000000e+00   6.21038407e-03   1.74722427e-03  -1.31257374e-02
    0.00000000e+00  -1.96237067e-03   0.00000000e+00  -1.19732008e-02
   -3.03946308e-03   2.14760093e-03  -3.82008998e-02   4.11299675e-03
    1.65537680e-02  -6.66859811e-03  -1.12473979e-02   0.00000000e+00
    0.00000000e+00   9.07147293e-03  -1.50679818e-02  -1.29675071e-02
    0.00000000e+00  -1.68057669e-03   1.52844870e-03]
 [ -2.29370517e-03  -8.57012714e+00  -6.37995286e-02   3.54390817e+00
    2.76991486e-02  -7.90394032e-03  -8.18974915e-03   1.31654337e-03
   -2.98618170e-03  -8.12745248e-03   1.58342413e-02  -1.19920384e-02
    2.50949528e-03  -2.44191496e-03   0.00000000e+00   5.21029541e-02
   -1.64390068e-02   2.89344979e-03  -2.13254574e-03  -5.58777018e-02
   -3.39680809e-03   0.00000000e+00   4.38482031e-02  -1.40597059e-02
   -2.14148143e-02   1.19836347e-02  -4.11694330e-03  -1.66448094e-03
   -5.86723771e-03   8.99190711e-03  -2.09011030e-03   3.12953232e-03
   -2.38135098e-03  -6.38978919e-03   4.36171852e-03]
 [ -3.52826983e-03   2.37894687e-02   5.66883837e-03  -3.06966222e-02
    1.00123826e+00  -9.26528801e-03  -3.87845780e-03   1.31660438e-03
    0.00000000e+00  -4.64505217e-03   1.29652604e-02  -4.98040682e-03
    1.96513938e-03   5.83302052e-03   1.83981007e-03   8.59112085e-03
   -7.80817564e-03   0.00000000e+00   0.00000000e+00  -2.62234121e-02
    1.81213315e-03   0.00000000e+00   7.33218909e-03  -1.30100113e-03
   -7.26413339e-03   3.67751202e-03  -8.73152601e-03   0.00000000e+00
   -9.54852470e-03   8.70110886e-03  -1.30412363e-02  -5.85123839e-03
    0.00000000e+00  -4.19772587e-03   1.58256897e-03]
 [ -1.88897465e-03   2.37530683e+00   2.22976360e-02  -4.34585219e+00
   -3.22643793e-02  -7.65787751e-03  -3.86208207e-03   0.00000000e+00
    0.00000000e+00  -2.87990813e-03   1.29859297e-02  -3.53700113e-03
    0.00000000e+00   9.44981848e-03   1.55586889e-03  -1.53651923e-02
   -2.86936457e-03  -1.95271760e-03   0.00000000e+00   0.00000000e+00
    0.00000000e+00   2.37017101e-03  -3.37938811e-02   8.41192850e-03
    1.28149476e-02  -5.78281409e-03  -1.10305234e-02   0.00000000e+00
   -5.52886965e-03   8.58905891e-03  -1.84829155e-02  -1.30379756e-02
    1.21810541e-03  -2.44531359e-03   0.00000000e+00]] 
 True ordinary:  [[ 0.          0.          1.          0.          0.          0.          0.
   0.          0.          0.          0.          0.          0.          0.
   0.          0.          0.          0.          0.          0.          0.
   0.          0.          0.          0.          0.          0.          0.
   0.          0.          0.          0.          0.          0.          0.        ]
 [ 0.         -8.5         0.          3.5         0.          0.          0.
   0.          0.          0.          0.          0.          0.          0.
   0.          0.          0.          0.          0.          0.          0.
   0.          0.          0.          0.          0.          0.          0.
   0.          0.          0.          0.          0.          0.          0.        ]
 [ 0.          0.          0.          0.          1.          0.          0.
   0.          0.          0.          0.          0.          0.          0.
   0.          0.          0.          0.          0.          0.          0.
   0.          0.          0.          0.          0.          0.          0.
   0.          0.          0.          0.          0.          0.          0.        ]
 [ 0.          2.33333333  0.         -4.33333333  0.          0.          0.
   0.          0.          0.          0.          0.          0.          0.
   0.          0.          0.          0.          0.          0.          0.
   0.          0.          0.          0.          0.          0.          0.
   0.          0.          0.          0.          0.          0.          0.        ]]

 Estimated hermite:  [[  1.12838130e-02  -9.13046059e-01   6.29220689e+00   4.18658816e-01
   -6.21620735e-02  -9.19984777e-02  -1.90082155e-02   0.00000000e+00
   -1.48125066e-02  -2.89064736e-02   1.07725534e-01  -1.83047708e-02
    0.00000000e+00   3.90209939e-02   1.55254258e-02  -2.02012948e-01
    0.00000000e+00  -1.74371663e-02   0.00000000e+00  -1.06391059e-01
   -1.90975097e-02   1.90830791e-02  -3.39444252e-01   3.65471262e-02
    2.54772388e-01  -5.92556015e-02  -7.06694852e-02   0.00000000e+00
    0.00000000e+00   5.69977454e-02  -1.33890559e-01  -1.15226232e-01
    0.00000000e+00  -1.49332110e-02   2.35237394e-02]
 [  4.36878618e-02  -5.25522295e+01  -6.47653333e-01   2.14721338e+01
    3.07959946e-01  -7.02325631e-02  -5.14577115e-02   1.16984962e-02
   -1.87627330e-02  -5.10662900e-02   1.40699361e-01  -7.53481995e-02
    1.57676239e-02  -1.53430042e-02   0.00000000e+00   8.01895619e-01
   -1.46073165e-01   2.57105174e-02  -3.28211542e-02  -4.96516176e-01
   -2.13427747e-02   0.00000000e+00   3.89624866e-01  -1.24931255e-01
   -3.29586797e-01   1.06483773e-01  -2.58675177e-02  -1.47901880e-02
   -3.68649418e-02   5.64978187e-02  -1.85722308e-02   2.78082915e-02
   -2.11601273e-02  -5.67781707e-02   6.71294561e-02]
 [  2.09111760e-02   3.20717541e-01  -2.16162837e-02  -5.20939902e-01
    6.26196221e+00  -8.23291800e-02  -2.43690690e-02   1.16990383e-02
    0.00000000e+00  -2.91857235e-02   1.15206269e-01  -3.12928189e-02
    1.23473349e-02   3.66499488e-02   1.63481215e-02   1.32222487e-01
   -6.93816207e-02   0.00000000e+00   0.00000000e+00  -2.33015101e-01
    1.13859684e-02   0.00000000e+00   6.51521156e-02  -1.15603914e-02
   -1.11799357e-01   3.26775108e-02  -5.48617959e-02   0.00000000e+00
   -5.99951501e-02   5.46706794e-02  -1.15881372e-01  -5.19927344e-02
    0.00000000e+00  -3.73000093e-02   2.43566827e-02]
 [  3.13841738e-02   1.43283434e+01   1.82578717e-01  -2.70647107e+01
   -3.55189149e-01  -6.80461067e-02  -2.42661773e-02   0.00000000e+00
    0.00000000e+00  -1.80949965e-02   1.15389931e-01  -2.22236335e-02
    0.00000000e+00   5.93749606e-02   1.38250867e-02  -2.36479498e-01
   -2.54965018e-02  -1.73513915e-02   0.00000000e+00   0.00000000e+00
    0.00000000e+00   2.10607847e-02  -3.00284516e-01   7.47464272e-02
    1.97229706e-01  -5.13847321e-02  -6.93068224e-02   0.00000000e+00
   -3.47389126e-02   5.39666487e-02  -1.64234860e-01  -1.15852398e-01
    1.08237995e-02  -2.17284841e-02   0.00000000e+00]] 
 True hermite:  [[  0.           0.           6.28318531   0.           0.           0.
    0.           0.           0.           0.           0.           0.
    0.           0.           0.           0.           0.           0.
    0.           0.           0.           0.           0.           0.
    0.           0.           0.           0.           0.           0.
    0.           0.           0.           0.           0.        ]
 [  0.         -53.40707511   0.          21.99114858   0.           0.
    0.           0.           0.           0.           0.           0.
    0.           0.           0.           0.           0.           0.
    0.           0.           0.           0.           0.           0.
    0.           0.           0.           0.           0.           0.
    0.           0.           0.           0.           0.        ]
 [  0.           0.           0.           0.           6.28318531   0.
    0.           0.           0.           0.           0.           0.
    0.           0.           0.           0.           0.           0.
    0.           0.           0.           0.           0.           0.
    0.           0.           0.           0.           0.           0.
    0.           0.           0.           0.           0.        ]
 [  0.          14.66076572   0.         -27.22713633   0.           0.
    0.           0.           0.           0.           0.           0.
    0.           0.           0.           0.           0.           0.
    0.           0.           0.           0.           0.           0.
    0.           0.           0.           0.           0.           0.
    0.           0.           0.           0.           0.        ]]


