My SLURM_ARRAY_TASK_ID:  7
Data shape: (10, 101, 4)
Theta shape: (35, 4)
Theta: [[ 0.05937968  0.48541708  0.07521517  0.48610311]
 [ 0.42447168  0.33498342  0.23083662  0.357747  ]
 [ 0.42415919  0.32763599  0.25403247  0.35885201]
 [ 0.00910205  0.16295496  0.38895561  0.12129452]
 [ 0.10794964  0.04850192  0.34779247  0.1115853 ]
 [ 0.18391726  0.44870879  0.3131385   0.24035887]
 [ 0.35534823  0.29089051  0.37375329  0.1639543 ]
 [ 0.44335365  0.17348232  0.47144427  0.04540104]
 [ 0.40269011  0.22950693  0.22718211  0.23402289]
 [ 0.0337423   0.34942425  0.39658932  0.11383433]
 [ 0.1009447   0.2099216   0.39089938  0.12845049]
 [ 0.38421939  0.41441475  0.06792734  0.15733789]
 [ 0.27703927  0.09552994  0.41286593  0.37209474]
 [ 0.48827232  0.01495521  0.28804885  0.01433996]
 [ 0.24972734  0.17606801  0.45840222  0.08032266]
 [ 0.04950059  0.38475101  0.23436741  0.06452543]
 [ 0.44516056  0.3397572   0.18658589  0.4663638 ]
 [ 0.43534704  0.10369714  0.00697358  0.26928101]
 [ 0.25183784  0.43870637  0.06346917  0.46294232]
 [ 0.35087644  0.13378175  0.27317974  0.11088257]
 [ 0.29323173  0.298685    0.47740438  0.38671988]
 [ 0.1007337   0.09627073  0.28343672  0.04970653]
 [ 0.34503169  0.18898484  0.22827627  0.48234682]
 [ 0.00932337  0.1762949   0.088514    0.14266214]
 [ 0.2390364   0.00201928  0.28822187  0.06363257]
 [ 0.27729099  0.13390203  0.33380169  0.2156016 ]
 [ 0.35516023  0.12049269  0.12635904  0.19965047]
 [ 0.38733164  0.19092884  0.32181349  0.49753593]
 [ 0.42437262  0.18980634  0.43891716  0.15935678]
 [ 0.04501841  0.35089533  0.29458051  0.37060492]
 [ 0.17019692  0.46128168  0.35936555  0.22291314]
 [ 0.47220166  0.24938132  0.14987857  0.21272006]
 [ 0.27306065  0.4226067   0.41158927  0.23083831]
 [ 0.36666486  0.0164317   0.3591258   0.15514617]
 [ 0.17385033  0.16856161  0.20626698  0.15608557]]
1
4.65491803515
[[ -1.11065747e-02  -1.21435844e-02   1.09454562e-02   0.00000000e+00]
 [ -6.16775322e-01  -5.33212213e+01   1.62742967e-01   1.46072784e+01]
 [  6.27028922e+00  -5.15609039e-01   0.00000000e+00   1.40062669e-01]
 [  1.51142169e-01   2.20194937e+01  -3.21984941e-01  -2.72779682e+01]
 [ -2.75725793e-02   2.44048373e-01   6.27831334e+00  -2.79672719e-01]
 [  0.00000000e+00   0.00000000e+00   0.00000000e+00   0.00000000e+00]
 [  0.00000000e+00   0.00000000e+00   0.00000000e+00   0.00000000e+00]
 [  0.00000000e+00   0.00000000e+00   0.00000000e+00   0.00000000e+00]
 [  0.00000000e+00   0.00000000e+00   0.00000000e+00   0.00000000e+00]
 [  0.00000000e+00   0.00000000e+00   0.00000000e+00   0.00000000e+00]
 [ -1.03051747e-02  -2.11939202e-02   1.01035507e-02   0.00000000e+00]
 [  0.00000000e+00   1.15410538e-02   0.00000000e+00   0.00000000e+00]
 [  0.00000000e+00   0.00000000e+00   0.00000000e+00   0.00000000e+00]
 [ -2.22647631e-02   2.16598460e-02   1.08690710e-02   0.00000000e+00]
 [  0.00000000e+00   0.00000000e+00   0.00000000e+00   0.00000000e+00]
 [  0.00000000e+00   0.00000000e+00   0.00000000e+00   0.00000000e+00]
 [ -1.99397016e-02  -2.48588026e-02   0.00000000e+00   1.02864370e-02]
 [  0.00000000e+00   0.00000000e+00   0.00000000e+00   0.00000000e+00]
 [  0.00000000e+00   0.00000000e+00   0.00000000e+00   0.00000000e+00]
 [  1.01519594e-01  -3.78910721e-02  -5.69391376e-02   0.00000000e+00]
 [ -2.42544177e-02   5.65870493e-02   0.00000000e+00  -1.54457102e-02]
 [  0.00000000e+00   0.00000000e+00   0.00000000e+00   0.00000000e+00]
 [ -1.35201283e-01   8.57064571e-02   2.91188207e-02  -4.95615704e-02]
 [  0.00000000e+00   1.91120466e-02   0.00000000e+00  -1.02574809e-02]
 [ -1.13900093e-01   2.98535396e-02  -1.04538942e-02  -2.88607473e-02]
 [ -2.81751359e-02   2.72596761e-02   0.00000000e+00  -1.23361738e-02]
 [  0.00000000e+00   0.00000000e+00   0.00000000e+00   0.00000000e+00]
 [  0.00000000e+00   0.00000000e+00   0.00000000e+00   0.00000000e+00]
 [ -8.70542538e-02   1.18059930e-02   2.78821890e-02   1.65088474e-02]
 [  0.00000000e+00   1.89871084e-02   0.00000000e+00  -1.63287336e-02]
 [ -1.37406803e-02   2.93121629e-02   0.00000000e+00  -1.57808597e-02]
 [  0.00000000e+00   1.28952600e-02   0.00000000e+00  -1.24394929e-02]
 [  0.00000000e+00   0.00000000e+00   0.00000000e+00   0.00000000e+00]
 [  0.00000000e+00   2.83261692e-02  -1.04445156e-02  -2.85135554e-02]
 [  0.00000000e+00   0.00000000e+00   0.00000000e+00   0.00000000e+00]]
2
Finished successfully!, number of iterations:  2
0.0021299698423
[[ -1.08805807e-02  -1.18208176e-02   1.10015853e-02   0.00000000e+00]
 [ -6.17840043e-01  -5.33195808e+01   1.62436769e-01   1.46059215e+01]
 [  6.27019097e+00  -5.15530376e-01   0.00000000e+00   1.40185715e-01]
 [  1.51438178e-01   2.20177681e+01  -3.21394861e-01  -2.72784199e+01]
 [ -2.75729097e-02   2.44437697e-01   6.27827402e+00  -2.79983703e-01]
 [  0.00000000e+00   0.00000000e+00   0.00000000e+00   0.00000000e+00]
 [  0.00000000e+00   0.00000000e+00   0.00000000e+00   0.00000000e+00]
 [  0.00000000e+00   0.00000000e+00   0.00000000e+00   0.00000000e+00]
 [  0.00000000e+00   0.00000000e+00   0.00000000e+00   0.00000000e+00]
 [  0.00000000e+00   0.00000000e+00   0.00000000e+00   0.00000000e+00]
 [  0.00000000e+00  -2.11007974e-02   1.04208055e-02   0.00000000e+00]
 [  0.00000000e+00   1.19719399e-02   0.00000000e+00   0.00000000e+00]
 [  0.00000000e+00   0.00000000e+00   0.00000000e+00   0.00000000e+00]
 [ -2.22077775e-02   2.11068374e-02   1.09793400e-02   0.00000000e+00]
 [  0.00000000e+00   0.00000000e+00   0.00000000e+00   0.00000000e+00]
 [  0.00000000e+00   0.00000000e+00   0.00000000e+00   0.00000000e+00]
 [ -1.94237232e-02  -2.49912201e-02   0.00000000e+00   1.02805901e-02]
 [  0.00000000e+00   0.00000000e+00   0.00000000e+00   0.00000000e+00]
 [  0.00000000e+00   0.00000000e+00   0.00000000e+00   0.00000000e+00]
 [  1.01880626e-01  -4.36378678e-02  -5.75983965e-02   0.00000000e+00]
 [ -2.48145167e-02   5.66830762e-02   0.00000000e+00  -1.54949779e-02]
 [  0.00000000e+00   0.00000000e+00   0.00000000e+00   0.00000000e+00]
 [ -1.35839847e-01   8.67307345e-02   2.87720751e-02  -5.09320269e-02]
 [  0.00000000e+00   1.92140383e-02   0.00000000e+00  -1.00334799e-02]
 [ -1.13675857e-01   3.01330353e-02   0.00000000e+00  -2.92607506e-02]
 [ -2.82994134e-02   2.72420184e-02   0.00000000e+00  -1.24483303e-02]
 [  0.00000000e+00   0.00000000e+00   0.00000000e+00   0.00000000e+00]
 [  0.00000000e+00   0.00000000e+00   0.00000000e+00   0.00000000e+00]
 [ -8.70443370e-02   1.10460242e-02   2.79700177e-02   1.68629072e-02]
 [  0.00000000e+00   1.91289994e-02   0.00000000e+00  -1.63144414e-02]
 [ -1.37182997e-02   2.94525029e-02   0.00000000e+00  -1.59864873e-02]
 [  0.00000000e+00   1.25419129e-02   0.00000000e+00  -1.27199829e-02]
 [  0.00000000e+00   0.00000000e+00   0.00000000e+00   0.00000000e+00]
 [  0.00000000e+00   2.82311231e-02  -1.03631480e-02  -2.84507879e-02]
 [  0.00000000e+00   0.00000000e+00   0.00000000e+00   0.00000000e+00]]
Time taken for 4D noise exp:  52.78918766975403 , noise strength:  [ 0.0001  0.0001  0.0001  0.0001]
Avg AR burnin:  0.2064 , Avg AR sampling:  0.023635

 Estimated ordinary:  [[ -1.73169820e-03  -8.30449431e-02   1.00011782e+00   3.47947114e-02
    3.40289210e-04   0.00000000e+00   0.00000000e+00   0.00000000e+00
    0.00000000e+00   0.00000000e+00   0.00000000e+00   0.00000000e+00
    0.00000000e+00  -3.53447756e-03   0.00000000e+00   0.00000000e+00
   -2.18593686e-03   0.00000000e+00   0.00000000e+00   1.14655987e-02
   -3.94935300e-03   0.00000000e+00  -1.52873538e-02   0.00000000e+00
   -7.38605851e-03  -3.18480295e-03   0.00000000e+00   0.00000000e+00
   -1.38535365e-02   0.00000000e+00  -1.54385114e-03   0.00000000e+00
    0.00000000e+00   0.00000000e+00   0.00000000e+00]
 [  4.93332471e-04  -8.49724695e+00  -8.13990463e-02   3.50009684e+00
    3.25230924e-02   0.00000000e+00   0.00000000e+00   0.00000000e+00
    0.00000000e+00   0.00000000e+00  -2.37467402e-03   1.90539341e-03
    0.00000000e+00   3.35925751e-03   0.00000000e+00   0.00000000e+00
   -2.81250040e-03   0.00000000e+00   0.00000000e+00  -4.91098555e-03
    9.02139176e-03   0.00000000e+00   9.76063693e-03   2.16233903e-03
    1.95788593e-03   3.06580421e-03   0.00000000e+00   0.00000000e+00
    1.75802935e-03   3.04447481e-03   3.31457111e-03   1.41146110e-03
    0.00000000e+00   3.17711759e-03   0.00000000e+00]
 [  5.78204028e-04   2.26146186e-02   0.00000000e+00  -4.35032199e-02
    9.99218344e-01   0.00000000e+00   0.00000000e+00   0.00000000e+00
    0.00000000e+00   0.00000000e+00   1.17275266e-03   0.00000000e+00
    0.00000000e+00   1.74741623e-03   0.00000000e+00   0.00000000e+00
    0.00000000e+00   0.00000000e+00   0.00000000e+00  -6.48209701e-03
    0.00000000e+00   0.00000000e+00   3.23799608e-03   0.00000000e+00
    0.00000000e+00   0.00000000e+00   0.00000000e+00   0.00000000e+00
    4.45156657e-03   0.00000000e+00   0.00000000e+00   0.00000000e+00
    0.00000000e+00  -1.16626390e-03   0.00000000e+00]
 [  0.00000000e+00   2.33176798e+00   2.22834399e-02  -4.33258991e+00
   -4.13607490e-02   0.00000000e+00   0.00000000e+00   0.00000000e+00
    0.00000000e+00   0.00000000e+00   0.00000000e+00   0.00000000e+00
    0.00000000e+00   0.00000000e+00   0.00000000e+00   0.00000000e+00
    1.15697288e-03   0.00000000e+00   0.00000000e+00   0.00000000e+00
   -2.46610233e-03   0.00000000e+00  -5.73186686e-03  -1.12916321e-03
   -1.90120947e-03  -1.40092936e-03   0.00000000e+00   0.00000000e+00
    2.68381504e-03  -2.59652399e-03  -1.79911192e-03  -1.43150102e-03
    0.00000000e+00  -3.20183857e-03   0.00000000e+00]] 
 True ordinary:  [[ 0.          0.          1.          0.          0.          0.          0.
   0.          0.          0.          0.          0.          0.          0.
   0.          0.          0.          0.          0.          0.          0.
   0.          0.          0.          0.          0.          0.          0.
   0.          0.          0.          0.          0.          0.          0.        ]
 [ 0.         -8.5         0.          3.5         0.          0.          0.
   0.          0.          0.          0.          0.          0.          0.
   0.          0.          0.          0.          0.          0.          0.
   0.          0.          0.          0.          0.          0.          0.
   0.          0.          0.          0.          0.          0.          0.        ]
 [ 0.          0.          0.          0.          1.          0.          0.
   0.          0.          0.          0.          0.          0.          0.
   0.          0.          0.          0.          0.          0.          0.
   0.          0.          0.          0.          0.          0.          0.
   0.          0.          0.          0.          0.          0.          0.        ]
 [ 0.          2.33333333  0.         -4.33333333  0.          0.          0.
   0.          0.          0.          0.          0.          0.          0.
   0.          0.          0.          0.          0.          0.          0.
   0.          0.          0.          0.          0.          0.          0.
   0.          0.          0.          0.          0.          0.          0.        ]]

 Estimated hermite:  [[ -1.08805807e-02  -6.17840043e-01   6.27019097e+00   1.51438178e-01
   -2.75729097e-02   0.00000000e+00   0.00000000e+00   0.00000000e+00
    0.00000000e+00   0.00000000e+00   0.00000000e+00   0.00000000e+00
    0.00000000e+00  -2.22077775e-02   0.00000000e+00   0.00000000e+00
   -1.94237232e-02   0.00000000e+00   0.00000000e+00   1.01880626e-01
   -2.48145167e-02   0.00000000e+00  -1.35839847e-01   0.00000000e+00
   -1.13675857e-01  -2.82994134e-02   0.00000000e+00   0.00000000e+00
   -8.70443370e-02   0.00000000e+00  -1.37182997e-02   0.00000000e+00
    0.00000000e+00   0.00000000e+00   0.00000000e+00]
 [ -1.18208176e-02  -5.33195808e+01  -5.15530376e-01   2.20177681e+01
    2.44437697e-01   0.00000000e+00   0.00000000e+00   0.00000000e+00
    0.00000000e+00   0.00000000e+00  -2.11007974e-02   1.19719399e-02
    0.00000000e+00   2.11068374e-02   0.00000000e+00   0.00000000e+00
   -2.49912201e-02   0.00000000e+00   0.00000000e+00  -4.36378678e-02
    5.66830762e-02   0.00000000e+00   8.67307345e-02   1.92140383e-02
    3.01330353e-02   2.72420184e-02   0.00000000e+00   0.00000000e+00
    1.10460242e-02   1.91289994e-02   2.94525029e-02   1.25419129e-02
    0.00000000e+00   2.82311231e-02   0.00000000e+00]
 [  1.10015853e-02   1.62436769e-01   0.00000000e+00  -3.21394861e-01
    6.27827402e+00   0.00000000e+00   0.00000000e+00   0.00000000e+00
    0.00000000e+00   0.00000000e+00   1.04208055e-02   0.00000000e+00
    0.00000000e+00   1.09793400e-02   0.00000000e+00   0.00000000e+00
    0.00000000e+00   0.00000000e+00   0.00000000e+00  -5.75983965e-02
    0.00000000e+00   0.00000000e+00   2.87720751e-02   0.00000000e+00
    0.00000000e+00   0.00000000e+00   0.00000000e+00   0.00000000e+00
    2.79700177e-02   0.00000000e+00   0.00000000e+00   0.00000000e+00
    0.00000000e+00  -1.03631480e-02   0.00000000e+00]
 [  0.00000000e+00   1.46059215e+01   1.40185715e-01  -2.72784199e+01
   -2.79983703e-01   0.00000000e+00   0.00000000e+00   0.00000000e+00
    0.00000000e+00   0.00000000e+00   0.00000000e+00   0.00000000e+00
    0.00000000e+00   0.00000000e+00   0.00000000e+00   0.00000000e+00
    1.02805901e-02   0.00000000e+00   0.00000000e+00   0.00000000e+00
   -1.54949779e-02   0.00000000e+00  -5.09320269e-02  -1.00334799e-02
   -2.92607506e-02  -1.24483303e-02   0.00000000e+00   0.00000000e+00
    1.68629072e-02  -1.63144414e-02  -1.59864873e-02  -1.27199829e-02
    0.00000000e+00  -2.84507879e-02   0.00000000e+00]] 
 True hermite:  [[  0.           0.           6.28318531   0.           0.           0.
    0.           0.           0.           0.           0.           0.
    0.           0.           0.           0.           0.           0.
    0.           0.           0.           0.           0.           0.
    0.           0.           0.           0.           0.           0.
    0.           0.           0.           0.           0.        ]
 [  0.         -53.40707511   0.          21.99114858   0.           0.
    0.           0.           0.           0.           0.           0.
    0.           0.           0.           0.           0.           0.
    0.           0.           0.           0.           0.           0.
    0.           0.           0.           0.           0.           0.
    0.           0.           0.           0.           0.        ]
 [  0.           0.           0.           0.           6.28318531   0.
    0.           0.           0.           0.           0.           0.
    0.           0.           0.           0.           0.           0.
    0.           0.           0.           0.           0.           0.
    0.           0.           0.           0.           0.           0.
    0.           0.           0.           0.           0.        ]
 [  0.          14.66076572   0.         -27.22713633   0.           0.
    0.           0.           0.           0.           0.           0.
    0.           0.           0.           0.           0.           0.
    0.           0.           0.           0.           0.           0.
    0.           0.           0.           0.           0.           0.
    0.           0.           0.           0.           0.        ]]


