My SLURM_ARRAY_TASK_ID:  6
Data shape: (10, 101, 4)
Theta shape: (35, 4)
Theta: [[ 0.12821536  0.14270747  0.04868506  0.23139944]
 [ 0.41974625  0.05548501  0.37542843  0.19080207]
 [ 0.13848707  0.30430172  0.43500663  0.10617697]
 [ 0.03238219  0.3475359   0.41072067  0.09664913]
 [ 0.07063737  0.4699017   0.24077248  0.18893429]
 [ 0.06199936  0.49856307  0.21839933  0.27562319]
 [ 0.48554539  0.48992632  0.45790411  0.49670227]
 [ 0.47285464  0.24105353  0.34624844  0.16104692]
 [ 0.15050975  0.23471659  0.39760568  0.23626652]
 [ 0.12588831  0.15276409  0.36074954  0.1197619 ]
 [ 0.02676386  0.07059743  0.17262247  0.30616891]
 [ 0.46287564  0.26371262  0.38687229  0.27673702]
 [ 0.17950633  0.1046536   0.18989571  0.19284073]
 [ 0.3516263   0.46436669  0.49726954  0.28964347]
 [ 0.24660551  0.06496193  0.3759693   0.27273643]
 [ 0.3933009   0.3102323   0.0315314   0.49657705]
 [ 0.28801671  0.45529887  0.46882527  0.48344858]
 [ 0.33367368  0.16143689  0.19726543  0.09888745]
 [ 0.09389164  0.16204505  0.00511266  0.38870962]
 [ 0.44697152  0.48695618  0.35696644  0.379944  ]
 [ 0.34016858  0.39752365  0.37420794  0.48238463]
 [ 0.19121224  0.40622975  0.22597507  0.21439951]
 [ 0.14619061  0.19988571  0.41588385  0.10081965]
 [ 0.06716533  0.32704164  0.43396034  0.19394909]
 [ 0.37046594  0.10788834  0.35612783  0.38896292]
 [ 0.01671163  0.16581909  0.45284316  0.42502431]
 [ 0.17347922  0.01253795  0.41220888  0.27112255]
 [ 0.17615371  0.00122962  0.21418796  0.45036839]
 [ 0.49812322  0.21639058  0.38773546  0.37174482]
 [ 0.15120809  0.06868708  0.09630387  0.18739007]
 [ 0.27178271  0.18777442  0.26234487  0.10215224]
 [ 0.13751215  0.39386059  0.41937446  0.44981747]
 [ 0.40936107  0.16331563  0.3237393   0.15347651]
 [ 0.07376564  0.41691735  0.40119872  0.41749967]
 [ 0.32776974  0.36105937  0.01618653  0.33970565]]
1
4.44712663222
[[  0.00000000e+00   1.26196959e-02  -1.40185048e-02   0.00000000e+00]
 [ -7.37100872e-01  -5.33567680e+01   1.74845077e-01   1.45551317e+01]
 [  6.26328906e+00  -5.87128935e-01   1.58879728e-02   1.56116622e-01]
 [  2.42970986e-01   2.20120605e+01  -3.81455135e-01  -2.72061985e+01]
 [ -2.46790406e-02   2.64353945e-01   6.29404760e+00  -3.29866072e-01]
 [  0.00000000e+00   0.00000000e+00   0.00000000e+00   0.00000000e+00]
 [  0.00000000e+00   0.00000000e+00   0.00000000e+00   0.00000000e+00]
 [  0.00000000e+00   0.00000000e+00   0.00000000e+00   0.00000000e+00]
 [  0.00000000e+00  -1.58557647e-02   0.00000000e+00  -1.09087673e-02]
 [  0.00000000e+00   0.00000000e+00   0.00000000e+00   0.00000000e+00]
 [  0.00000000e+00   1.60134466e-02  -2.10579496e-02   0.00000000e+00]
 [  0.00000000e+00   0.00000000e+00   0.00000000e+00   0.00000000e+00]
 [  0.00000000e+00   0.00000000e+00   0.00000000e+00   0.00000000e+00]
 [  0.00000000e+00   1.85620013e-02   0.00000000e+00   0.00000000e+00]
 [  0.00000000e+00   0.00000000e+00   0.00000000e+00   0.00000000e+00]
 [ -1.07867346e-01   1.28958672e-02   1.95286529e-02  -3.95565523e-02]
 [ -1.69074078e-02  -4.78627552e-02   1.10855180e-02   1.21528717e-02]
 [  0.00000000e+00   0.00000000e+00   0.00000000e+00   0.00000000e+00]
 [  0.00000000e+00  -1.19407567e-02   0.00000000e+00   0.00000000e+00]
 [  2.76286940e-02  -3.21514407e-02  -6.92961358e-02   1.73853602e-02]
 [  1.35182164e-02   2.21357242e-02   0.00000000e+00   0.00000000e+00]
 [  0.00000000e+00   0.00000000e+00   0.00000000e+00   0.00000000e+00]
 [ -1.43540902e-01   0.00000000e+00   1.00902077e-02  -7.61543820e-02]
 [ -1.02432462e-02  -5.09222203e-02   1.16880615e-02   1.52804258e-02]
 [  1.32988083e-02   4.54233662e-02  -6.58304889e-02   0.00000000e+00]
 [ -1.98409218e-02   4.11156982e-02   0.00000000e+00  -4.10988848e-02]
 [ -1.10826610e-02   0.00000000e+00   0.00000000e+00  -1.22146224e-02]
 [  0.00000000e+00   0.00000000e+00   0.00000000e+00   0.00000000e+00]
 [  1.15243332e-02   0.00000000e+00   0.00000000e+00   0.00000000e+00]
 [  0.00000000e+00   0.00000000e+00   0.00000000e+00   0.00000000e+00]
 [ -2.02039957e-02   2.86258696e-02   0.00000000e+00  -3.60442870e-02]
 [ -2.46139111e-02   0.00000000e+00   0.00000000e+00  -1.84501599e-02]
 [  0.00000000e+00   0.00000000e+00   0.00000000e+00   0.00000000e+00]
 [  0.00000000e+00   1.24017937e-02   0.00000000e+00   0.00000000e+00]
 [  0.00000000e+00   1.40007918e-02   0.00000000e+00  -2.08349245e-02]]
2
Finished successfully!, number of iterations:  2
0.00432736506921
[[  0.00000000e+00   1.47040111e-02  -1.31492292e-02   0.00000000e+00]
 [ -7.47283114e-01  -5.33222205e+01   1.79530593e-01   1.45393739e+01]
 [  6.26451683e+00  -5.88080014e-01   1.33658403e-02   1.59027699e-01]
 [  2.45051260e-01   2.20152984e+01  -3.85816694e-01  -2.72010806e+01]
 [ -2.40869602e-02   2.66007174e-01   6.29607417e+00  -3.29209853e-01]
 [  0.00000000e+00   0.00000000e+00   0.00000000e+00   0.00000000e+00]
 [  0.00000000e+00   0.00000000e+00   0.00000000e+00   0.00000000e+00]
 [  0.00000000e+00   0.00000000e+00   0.00000000e+00   0.00000000e+00]
 [  0.00000000e+00  -1.32572181e-02   0.00000000e+00  -1.21689952e-02]
 [  0.00000000e+00   0.00000000e+00   0.00000000e+00   0.00000000e+00]
 [  1.06534458e-02   1.66477792e-02  -2.05241748e-02   0.00000000e+00]
 [  0.00000000e+00   0.00000000e+00   0.00000000e+00   0.00000000e+00]
 [  0.00000000e+00   0.00000000e+00   0.00000000e+00   0.00000000e+00]
 [  0.00000000e+00   1.86930268e-02   0.00000000e+00   0.00000000e+00]
 [  0.00000000e+00   0.00000000e+00   0.00000000e+00   0.00000000e+00]
 [ -1.13989358e-01   4.50469976e-02   2.28436131e-02  -5.27787518e-02]
 [ -1.31567395e-02  -4.85767993e-02   0.00000000e+00   1.42396896e-02]
 [  0.00000000e+00   0.00000000e+00   0.00000000e+00   0.00000000e+00]
 [  0.00000000e+00  -1.21989702e-02   0.00000000e+00   0.00000000e+00]
 [  2.89487676e-02  -5.42819901e-02  -7.54211131e-02   3.14267248e-02]
 [  1.14989855e-02   2.20568426e-02   0.00000000e+00   0.00000000e+00]
 [  0.00000000e+00   0.00000000e+00   0.00000000e+00   0.00000000e+00]
 [ -1.48945201e-01   2.05630721e-02   1.36060559e-02  -8.90867512e-02]
 [ -1.01126416e-02  -5.10822676e-02   1.08748875e-02   1.61719417e-02]
 [  1.38158681e-02   5.44559580e-02  -6.70680079e-02   0.00000000e+00]
 [ -2.07758027e-02   4.43461592e-02   1.16342154e-02  -3.94349141e-02]
 [ -1.05325843e-02   0.00000000e+00   0.00000000e+00  -1.05810992e-02]
 [  0.00000000e+00   0.00000000e+00   0.00000000e+00   0.00000000e+00]
 [  1.12221505e-02   0.00000000e+00  -1.09052200e-02   0.00000000e+00]
 [  0.00000000e+00   1.11669949e-02   0.00000000e+00   0.00000000e+00]
 [ -2.00335485e-02   3.04316550e-02   0.00000000e+00  -3.69662517e-02]
 [ -2.41989992e-02   0.00000000e+00   0.00000000e+00  -1.55282412e-02]
 [  0.00000000e+00   0.00000000e+00   0.00000000e+00   0.00000000e+00]
 [  0.00000000e+00   1.65924425e-02   0.00000000e+00   0.00000000e+00]
 [  0.00000000e+00   1.26626115e-02   0.00000000e+00  -2.06477986e-02]]
Time taken for 4D noise exp:  47.17130374908447 , noise strength:  [ 0.0005  0.0005  0.0005  0.0005]
Avg AR burnin:  0.20295 , Avg AR sampling:  0.022405

 Estimated ordinary:  [[ -1.19893389e-03  -7.72289484e-02   9.99647545e-01   3.30501914e-02
    7.59106812e-04   0.00000000e+00   0.00000000e+00   0.00000000e+00
    0.00000000e+00   0.00000000e+00   1.19893389e-03   0.00000000e+00
    0.00000000e+00   0.00000000e+00   0.00000000e+00  -7.40642818e-03
   -1.48065340e-03   0.00000000e+00   0.00000000e+00   3.25788097e-03
    1.83012039e-03   0.00000000e+00  -1.67622244e-02  -1.13807203e-03
    8.97682345e-04  -2.33809926e-03  -1.67631285e-03   0.00000000e+00
    1.78606072e-03   0.00000000e+00  -2.25456632e-03  -2.72334423e-03
    0.00000000e+00   0.00000000e+00   0.00000000e+00]
 [  4.66682648e-04  -8.49758987e+00  -8.00023812e-02   3.49747034e+00
    3.14526464e-02   0.00000000e+00   0.00000000e+00   0.00000000e+00
   -2.10995179e-03   0.00000000e+00   1.87353340e-03   0.00000000e+00
    0.00000000e+00   2.97508761e-03   0.00000000e+00   2.92691666e-03
   -5.46681062e-03   0.00000000e+00  -7.92624838e-04  -6.10887017e-03
    3.51045554e-03   0.00000000e+00   2.31415867e-03  -5.74877487e-03
    3.53826135e-03   4.99069634e-03   0.00000000e+00   0.00000000e+00
    0.00000000e+00   1.77728243e-03   3.42476444e-03   0.00000000e+00
    0.00000000e+00   1.86730584e-03   8.22749808e-04]
 [  2.17016363e-04   2.25891890e-02   9.03384718e-04  -3.98435988e-02
    1.00074202e+00   0.00000000e+00   0.00000000e+00   0.00000000e+00
    0.00000000e+00   0.00000000e+00  -2.30978119e-03   0.00000000e+00
    0.00000000e+00   0.00000000e+00   0.00000000e+00   1.48425767e-03
    0.00000000e+00   0.00000000e+00   0.00000000e+00  -8.48785734e-03
    0.00000000e+00   0.00000000e+00   1.53121926e-03   1.22385483e-03
   -4.35772594e-03   1.30930924e-03   0.00000000e+00   0.00000000e+00
   -1.73561966e-03   0.00000000e+00   0.00000000e+00   0.00000000e+00
    0.00000000e+00   0.00000000e+00   0.00000000e+00]
 [  0.00000000e+00   2.33607440e+00   2.18875334e-02  -4.33272319e+00
   -3.97724678e-02   0.00000000e+00   0.00000000e+00   0.00000000e+00
   -1.93675573e-03   0.00000000e+00   0.00000000e+00   0.00000000e+00
    0.00000000e+00   0.00000000e+00   0.00000000e+00  -3.42928533e-03
    1.60252811e-03   0.00000000e+00   0.00000000e+00   3.53674914e-03
    0.00000000e+00   0.00000000e+00  -1.00257820e-02   1.81998287e-03
    0.00000000e+00  -4.43798708e-03  -1.68403424e-03   0.00000000e+00
    0.00000000e+00   0.00000000e+00  -4.16016494e-03  -1.74754112e-03
    0.00000000e+00   0.00000000e+00  -1.34158521e-03]] 
 True ordinary:  [[ 0.          0.          1.          0.          0.          0.          0.
   0.          0.          0.          0.          0.          0.          0.
   0.          0.          0.          0.          0.          0.          0.
   0.          0.          0.          0.          0.          0.          0.
   0.          0.          0.          0.          0.          0.          0.        ]
 [ 0.         -8.5         0.          3.5         0.          0.          0.
   0.          0.          0.          0.          0.          0.          0.
   0.          0.          0.          0.          0.          0.          0.
   0.          0.          0.          0.          0.          0.          0.
   0.          0.          0.          0.          0.          0.          0.        ]
 [ 0.          0.          0.          0.          1.          0.          0.
   0.          0.          0.          0.          0.          0.          0.
   0.          0.          0.          0.          0.          0.          0.
   0.          0.          0.          0.          0.          0.          0.
   0.          0.          0.          0.          0.          0.          0.        ]
 [ 0.          2.33333333  0.         -4.33333333  0.          0.          0.
   0.          0.          0.          0.          0.          0.          0.
   0.          0.          0.          0.          0.          0.          0.
   0.          0.          0.          0.          0.          0.          0.
   0.          0.          0.          0.          0.          0.          0.        ]]

 Estimated hermite:  [[  0.00000000e+00  -7.47283114e-01   6.26451683e+00   2.45051260e-01
   -2.40869602e-02   0.00000000e+00   0.00000000e+00   0.00000000e+00
    0.00000000e+00   0.00000000e+00   1.06534458e-02   0.00000000e+00
    0.00000000e+00   0.00000000e+00   0.00000000e+00  -1.13989358e-01
   -1.31567395e-02   0.00000000e+00   0.00000000e+00   2.89487676e-02
    1.14989855e-02   0.00000000e+00  -1.48945201e-01  -1.01126416e-02
    1.38158681e-02  -2.07758027e-02  -1.05325843e-02   0.00000000e+00
    1.12221505e-02   0.00000000e+00  -2.00335485e-02  -2.41989992e-02
    0.00000000e+00   0.00000000e+00   0.00000000e+00]
 [  1.47040111e-02  -5.33222205e+01  -5.88080014e-01   2.20152984e+01
    2.66007174e-01   0.00000000e+00   0.00000000e+00   0.00000000e+00
   -1.32572181e-02   0.00000000e+00   1.66477792e-02   0.00000000e+00
    0.00000000e+00   1.86930268e-02   0.00000000e+00   4.50469976e-02
   -4.85767993e-02   0.00000000e+00  -1.21989702e-02  -5.42819901e-02
    2.20568426e-02   0.00000000e+00   2.05630721e-02  -5.10822676e-02
    5.44559580e-02   4.43461592e-02   0.00000000e+00   0.00000000e+00
    0.00000000e+00   1.11669949e-02   3.04316550e-02   0.00000000e+00
    0.00000000e+00   1.65924425e-02   1.26626115e-02]
 [ -1.31492292e-02   1.79530593e-01   1.33658403e-02  -3.85816694e-01
    6.29607417e+00   0.00000000e+00   0.00000000e+00   0.00000000e+00
    0.00000000e+00   0.00000000e+00  -2.05241748e-02   0.00000000e+00
    0.00000000e+00   0.00000000e+00   0.00000000e+00   2.28436131e-02
    0.00000000e+00   0.00000000e+00   0.00000000e+00  -7.54211131e-02
    0.00000000e+00   0.00000000e+00   1.36060559e-02   1.08748875e-02
   -6.70680079e-02   1.16342154e-02   0.00000000e+00   0.00000000e+00
   -1.09052200e-02   0.00000000e+00   0.00000000e+00   0.00000000e+00
    0.00000000e+00   0.00000000e+00   0.00000000e+00]
 [  0.00000000e+00   1.45393739e+01   1.59027699e-01  -2.72010806e+01
   -3.29209853e-01   0.00000000e+00   0.00000000e+00   0.00000000e+00
   -1.21689952e-02   0.00000000e+00   0.00000000e+00   0.00000000e+00
    0.00000000e+00   0.00000000e+00   0.00000000e+00  -5.27787518e-02
    1.42396896e-02   0.00000000e+00   0.00000000e+00   3.14267248e-02
    0.00000000e+00   0.00000000e+00  -8.90867512e-02   1.61719417e-02
    0.00000000e+00  -3.94349141e-02  -1.05810992e-02   0.00000000e+00
    0.00000000e+00   0.00000000e+00  -3.69662517e-02  -1.55282412e-02
    0.00000000e+00   0.00000000e+00  -2.06477986e-02]] 
 True hermite:  [[  0.           0.           6.28318531   0.           0.           0.
    0.           0.           0.           0.           0.           0.
    0.           0.           0.           0.           0.           0.
    0.           0.           0.           0.           0.           0.
    0.           0.           0.           0.           0.           0.
    0.           0.           0.           0.           0.        ]
 [  0.         -53.40707511   0.          21.99114858   0.           0.
    0.           0.           0.           0.           0.           0.
    0.           0.           0.           0.           0.           0.
    0.           0.           0.           0.           0.           0.
    0.           0.           0.           0.           0.           0.
    0.           0.           0.           0.           0.        ]
 [  0.           0.           0.           0.           6.28318531   0.
    0.           0.           0.           0.           0.           0.
    0.           0.           0.           0.           0.           0.
    0.           0.           0.           0.           0.           0.
    0.           0.           0.           0.           0.           0.
    0.           0.           0.           0.           0.        ]
 [  0.          14.66076572   0.         -27.22713633   0.           0.
    0.           0.           0.           0.           0.           0.
    0.           0.           0.           0.           0.           0.
    0.           0.           0.           0.           0.           0.
    0.           0.           0.           0.           0.           0.
    0.           0.           0.           0.           0.        ]]


