My SLURM_ARRAY_TASK_ID:  1
Data shape: (10, 101, 4)
Theta shape: (35, 4)
Theta: [[ 0.23070741  0.34730118  0.278758    0.22547937]
 [ 0.32435592  0.29953779  0.22352951  0.03953425]
 [ 0.42021763  0.48831628  0.38033226  0.44633528]
 [ 0.17012688  0.36804597  0.2985554   0.36378728]
 [ 0.19138892  0.49481415  0.40556158  0.36899929]
 [ 0.17087506  0.0558784   0.06460076  0.46619657]
 [ 0.05805124  0.11178997  0.27114375  0.43348994]
 [ 0.29222876  0.35236216  0.23909748  0.06291407]
 [ 0.23845411  0.08895318  0.43610157  0.40397448]
 [ 0.36028267  0.49068097  0.0860473   0.1053182 ]
 [ 0.38843918  0.28683426  0.37801655  0.32722685]
 [ 0.23714797  0.41988829  0.05060789  0.37314751]
 [ 0.32924382  0.07940693  0.24646781  0.24137869]
 [ 0.15915243  0.34856121  0.3349981   0.49101309]
 [ 0.15561624  0.17125941  0.49866724  0.40457642]
 [ 0.42884774  0.22088142  0.20871979  0.34105054]
 [ 0.46076978  0.47966585  0.39953133  0.15586427]
 [ 0.39997742  0.0448373   0.10527256  0.00946865]
 [ 0.18394134  0.14012064  0.1467237   0.27752434]
 [ 0.42955394  0.12830453  0.18016734  0.2777349 ]
 [ 0.08872213  0.14613613  0.49273436  0.19579657]
 [ 0.10050072  0.15850656  0.20329898  0.3846759 ]
 [ 0.36430813  0.28180839  0.10308298  0.27551706]
 [ 0.23785532  0.46131734  0.02224782  0.34351445]
 [ 0.08876362  0.13332475  0.47831191  0.10815421]
 [ 0.1211181   0.25027647  0.05991603  0.45531346]
 [ 0.0886048   0.48441235  0.42971553  0.20210907]
 [ 0.25547573  0.13522605  0.16171167  0.38248523]
 [ 0.12867205  0.18319323  0.3096237   0.09745613]
 [ 0.1766846   0.17344103  0.23233309  0.06259924]
 [ 0.3826289   0.49122278  0.14834995  0.4939378 ]
 [ 0.42727715  0.4336879   0.34206522  0.4621223 ]
 [ 0.05841183  0.34669275  0.17644931  0.45806053]
 [ 0.17728021  0.10813978  0.46548896  0.47049824]
 [ 0.19020956  0.30286383  0.27885219  0.3539234 ]]
1
6.29023964284
[[ -8.83222867e-01  -7.37171636e-01  -6.55562691e-01  -7.83419099e-01]
 [ -5.76895286e+00  -5.74358549e+01  -4.15150467e+00   1.02182882e+01]
 [  5.73514562e+00  -1.22012360e+00  -5.01918070e-01  -2.81343146e-01]
 [  3.20591231e+00   2.46750258e+01   1.60611160e+00  -2.42357041e+01]
 [  1.06473077e-01   7.83529339e-02   6.32258827e+00  -6.24384885e-01]
 [ -4.41303574e-01  -2.51960024e-01  -1.85906701e-01  -3.50800389e-01]
 [ -1.93013386e-01  -1.26566129e-01  -2.14520358e-01  -2.95108712e-01]
 [  7.32457272e-02   1.49692015e-02   4.91408266e-02   5.87479550e-02]
 [ -6.41293403e-02   0.00000000e+00  -2.52387580e-01  -8.54640226e-02]
 [  2.38905645e-01   1.26090357e-01   2.18404543e-01   2.58197663e-01]
 [ -1.06482634e+00  -1.03286515e+00  -9.51983358e-01  -1.03052525e+00]
 [  3.49768762e-01   2.02641145e-01   3.47209182e-01   3.45296985e-01]
 [  7.46422968e-02   8.04475134e-02   7.96329334e-02   7.08695528e-02]
 [  3.63211031e-01   4.59421264e-01   2.90654482e-01   3.93760023e-01]
 [ -9.94996664e-02  -1.75241121e-01  -1.20044180e-01  -1.37617283e-01]
 [ -2.53217284e+00  -1.98601015e+00  -2.00112288e+00  -1.98606011e+00]
 [ -9.90913378e-01  -1.07036351e+00  -8.87329289e-01  -7.45172291e-01]
 [ -1.25302935e-01   5.54255042e-02   2.47369078e-02  -4.81976282e-02]
 [  0.00000000e+00   0.00000000e+00  -1.72509718e-02  -1.54379860e-02]
 [  2.36675108e+00   1.65169104e+00   1.76939239e+00   1.98938523e+00]
 [  7.16450526e-01   7.29034838e-01   7.07773921e-01   4.56383492e-01]
 [  3.45945396e-01   2.21895261e-01   2.23837627e-01   2.90212934e-01]
 [ -4.25069560e+00  -3.50313863e+00  -3.79011897e+00  -3.97056140e+00]
 [ -2.39805727e-01  -3.67911797e-01  -2.68348692e-01  -2.40582478e-01]
 [  1.69881223e+00   1.79148532e+00   1.11513976e+00   1.90316206e+00]
 [ -4.88584212e-01  -6.92410204e-01  -5.40674611e-01  -7.63103558e-01]
 [  5.67896817e-01   3.89780370e-01   4.94467744e-01   5.24554545e-01]
 [ -6.97093528e-02  -8.40876440e-02  -6.18095003e-02  -1.08333634e-01]
 [ -2.25913436e-01  -3.04419164e-02  -3.21538795e-01  -7.07748927e-02]
 [ -5.91113143e-01  -5.21440370e-01  -5.75954740e-01  -5.21261143e-01]
 [  2.57272310e-01   2.85845015e-02   2.05501795e-01  -1.77869363e-01]
 [ -3.98114942e-01  -4.17181764e-01  -3.43899439e-01  -3.53304108e-01]
 [  1.49242419e-01   1.31910394e-01   1.59989514e-01   1.00411452e-01]
 [ -5.28898706e-01  -5.02477879e-01  -6.57483398e-01  -5.22500922e-01]
 [ -1.12028625e-01  -1.31736984e-01  -1.18643127e-01  -1.87064357e-01]]
2
0.274300022159
[[ -8.58907338e-01  -8.86427558e-01  -7.22269704e-01  -7.68613095e-01]
 [ -9.25846810e+00  -5.14045531e+01  -3.02502320e+00   7.38115287e+00]
 [  6.14362653e+00  -1.47644575e+00  -7.29554643e-01  -1.96321068e-01]
 [  5.06852713e+00   2.18989864e+01   5.35316532e-01  -2.30336758e+01]
 [ -2.61394370e-01   2.60725446e-02   6.44085395e+00  -7.10038699e-01]
 [ -3.58211005e-01  -3.78029727e-01  -3.25097657e-01  -3.66971255e-01]
 [ -2.02445063e-01  -2.14355349e-01  -2.30236308e-01  -2.29255623e-01]
 [  7.58643560e-02   5.32629636e-02   7.16797641e-02   5.83004521e-02]
 [ -2.20279897e-01   7.93361443e-02  -2.63110119e-01  -5.67985469e-02]
 [  2.95013197e-01   2.09852059e-01   2.12141590e-01   2.53227540e-01]
 [ -1.12209005e+00  -1.27289927e+00  -8.94246169e-01  -9.31628548e-01]
 [  3.65117210e-01   2.69419929e-01   3.49908064e-01   3.51834946e-01]
 [  9.35105778e-02   1.25248032e-01   5.78532542e-02   5.31658138e-02]
 [  4.30491432e-01   3.65635350e-01   3.27302844e-01   4.16306339e-01]
 [ -7.93100977e-02  -1.47420489e-01  -1.39427858e-01  -1.66254309e-01]
 [ -4.73900189e+00   4.28522897e+00  -1.26847294e+00  -4.71077962e+00]
 [ -1.39907698e-01  -1.28747757e+00  -1.29722628e+00  -6.94137307e-01]
 [ -9.48929443e-02   7.64037872e-02   3.44409907e-02  -2.15465099e-02]
 [ -1.36588486e-02  -4.71169267e-02  -1.51233621e-02   0.00000000e+00]
 [  4.48727711e+00  -3.55432652e+00   6.76941610e-01   4.19679271e+00]
 [  1.95798779e-01   8.39489768e-01   1.01798713e+00   4.49339075e-01]
 [  3.35323582e-01   2.02315361e-01   2.34396056e-01   2.81269054e-01]
 [ -5.91440401e+00  -1.23595586e+00  -3.28135844e+00  -5.24500515e+00]
 [ -1.00571363e-01  -6.30199275e-01  -3.74189609e-01  -1.62350245e-01]
 [  2.16223646e+00   1.36171029e+00   7.26090199e-01   2.19576882e+00]
 [ -1.07131443e+00  -8.23668987e-01  -3.43844841e-01  -7.63991447e-01]
 [  6.11300604e-01   4.91185814e-01   5.34598975e-01   6.14588768e-01]
 [ -5.40330478e-02  -4.43419452e-02  -6.71623192e-02  -1.05770959e-01]
 [  1.17189908e-01   9.24393544e-02  -5.04727284e-01  -5.59709212e-02]
 [ -6.69959180e-01  -5.77846164e-01  -5.30488355e-01  -5.94042015e-01]
 [  1.09685762e-01  -2.96006997e-02   2.99382546e-01  -3.15578352e-01]
 [ -3.92790923e-01  -3.90492399e-01  -3.37202128e-01  -4.02476955e-01]
 [  1.50184569e-01   1.73314733e-01   1.64600380e-01   1.09850167e-01]
 [ -6.45952587e-01  -5.53549872e-01  -6.39983364e-01  -5.32910436e-01]
 [ -9.31590872e-02  -2.76895234e-02  -1.00193132e-01  -2.42647223e-01]]
3
Finished successfully!, number of iterations:  3
0.0178081727106
[[ -8.64862070e-01  -9.13808977e-01  -7.16303428e-01  -7.67749166e-01]
 [ -9.15769773e+00  -5.14784738e+01  -2.98283622e+00   7.09298654e+00]
 [  6.14200128e+00  -1.44981111e+00  -7.38949282e-01  -2.04286920e-01]
 [  4.95614052e+00   2.22876973e+01   5.26503785e-01  -2.30546556e+01]
 [ -2.61874936e-01  -3.36919284e-02   6.44662484e+00  -6.59503089e-01]
 [ -3.57082044e-01  -4.12991516e-01  -3.27816529e-01  -3.74544856e-01]
 [ -2.14769440e-01  -2.36525556e-01  -2.38357013e-01  -2.30154464e-01]
 [  7.35181370e-02   5.96812204e-02   6.90513166e-02   5.85284921e-02]
 [ -2.20741979e-01   2.00800673e-01  -2.79495777e-01  -5.36883494e-02]
 [  2.96219600e-01   2.20569097e-01   2.09404844e-01   2.76203236e-01]
 [ -1.13592585e+00  -1.28142118e+00  -8.82227878e-01  -9.09625319e-01]
 [  3.61205531e-01   2.68768441e-01   3.45095844e-01   3.63342506e-01]
 [  9.57972198e-02   1.34108514e-01   5.70849312e-02   4.79797306e-02]
 [  4.30988537e-01   3.83913182e-01   3.21774406e-01   4.31398549e-01]
 [ -7.89769695e-02  -1.48376762e-01  -1.45607416e-01  -1.58753397e-01]
 [ -4.70054594e+00   4.30913278e+00  -1.23936681e+00  -4.93564534e+00]
 [ -1.36061352e-01  -1.20986747e+00  -1.31515380e+00  -7.28475770e-01]
 [ -8.84290170e-02   8.36497878e-02   3.90736978e-02  -1.60779980e-02]
 [ -1.61058620e-02  -5.58274731e-02  -1.50059616e-02   0.00000000e+00]
 [  4.40390068e+00  -3.46108575e+00   6.49934631e-01   4.22771817e+00]
 [  1.87950900e-01   8.01534849e-01   1.02795804e+00   4.47398362e-01]
 [  3.31148751e-01   2.19161375e-01   2.20384025e-01   2.83098212e-01]
 [ -5.82128592e+00  -1.37303114e+00  -3.26992353e+00  -5.37454018e+00]
 [ -1.10784783e-01  -6.64862411e-01  -3.73367502e-01  -1.30394406e-01]
 [  2.10539229e+00   1.69922192e+00   7.25275198e-01   2.15112100e+00]
 [ -1.09466777e+00  -8.80438815e-01  -3.41748522e-01  -7.28147597e-01]
 [  6.15048873e-01   5.21364427e-01   5.23432636e-01   6.25637669e-01]
 [ -5.25819349e-02  -5.34300531e-02  -6.68881935e-02  -9.91139238e-02]
 [  1.45876975e-01   1.63298529e-01  -4.99863278e-01  -1.06627539e-01]
 [ -6.72623651e-01  -5.71507760e-01  -5.27461375e-01  -6.00974388e-01]
 [  1.34440850e-01  -6.86712178e-02   3.04442560e-01  -2.47518959e-01]
 [ -3.78829424e-01  -3.83081232e-01  -3.41528155e-01  -4.06692579e-01]
 [  1.47487629e-01   1.61212996e-01   1.63325454e-01   1.04511212e-01]
 [ -6.50292639e-01  -5.30616015e-01  -6.12063135e-01  -5.47355482e-01]
 [ -9.03215624e-02  -3.12304985e-02  -1.00610962e-01  -2.63538651e-01]]
Time taken for 4D noise exp:  71.57615780830383 , noise strength:  [ 0.1  0.1  0.1  0.1]
Avg AR burnin:  0.403433333333 , Avg AR sampling:  0.27219

 Estimated ordinary:  [[  3.09896820e-02   1.66467183e-01   9.91851047e-01  -8.12942953e-02
    8.99082094e-02  -4.01858488e-02  -3.41816181e-02   8.27369728e-03
   -3.51321771e-02   4.71448135e-02  -1.27836572e-01   5.74876457e-02
    1.52466011e-02   6.85939561e-02  -8.88803178e-03  -3.05416719e-01
   -1.53122819e-02  -9.95176085e-03  -1.04647409e-03   4.95612955e-01
    2.99133148e-02   3.72673280e-02  -6.55124837e-01  -1.24676685e-02
    1.36797303e-01  -1.23193406e-01   9.78880683e-02  -5.91754674e-03
    2.32170417e-02  -1.07051379e-01   1.51299114e-02  -4.26332889e-02
    1.65981898e-02  -7.31836341e-02  -5.86861944e-03]
 [  5.52329643e-02  -8.84478966e+00  -2.70240780e-02   3.64053768e+00
    1.13550743e-01  -4.64778751e-02  -3.76442114e-02   6.71649706e-03
    3.19584196e-02   3.51046621e-02  -1.44210549e-01   4.27758260e-02
    2.13440329e-02   6.11016806e-02  -1.66982525e-02   2.79984753e-01
   -1.36157928e-01   9.41390860e-03  -3.62737518e-03  -3.89508997e-01
    1.27568233e-01   2.46643203e-02  -1.54520292e-01  -7.48233096e-02
    1.10406491e-01  -9.90841788e-02   8.29777257e-02  -6.01299357e-03
    2.59897681e-02  -9.09582851e-02  -7.72822723e-03  -4.31117854e-02
    1.81428364e-02  -5.97152820e-02  -2.02919332e-03]
 [  3.07901974e-02   1.68883228e-01   5.69624326e-02  -8.66419653e-02
    1.05734968e+00  -3.68923213e-02  -3.79356968e-02   7.77100338e-03
   -4.44831344e-02   3.33278160e-02  -9.92855192e-02   5.49237094e-02
    9.08534897e-03   5.12119873e-02  -1.63865916e-02  -8.05275278e-02
   -1.48006803e-01   4.39733596e-03  -9.75008357e-04   7.31433441e-02
    1.63604603e-01   2.48019167e-02  -3.67995689e-01  -4.20186068e-02
    4.71245626e-02  -3.84602213e-02   8.33068914e-02  -7.52756649e-03
   -7.95557115e-02  -8.39480852e-02   3.42618255e-02  -3.84354213e-02
    1.83805713e-02  -6.88813034e-02  -6.53717044e-03]
 [  3.36081100e-02   2.74338727e+00   5.23819373e-02  -4.53461401e+00
    6.73621846e-02  -4.21511057e-02  -3.66302207e-02   6.58676955e-03
   -8.54476620e-03   4.39591103e-02  -1.02368815e-01   5.78277559e-02
    7.63621129e-03   6.86592115e-02  -1.78660341e-02  -3.20692240e-01
   -8.19823277e-02  -1.80941050e-03   0.00000000e+00   4.75785456e-01
    7.12056609e-02   3.18597424e-02  -6.04848278e-01  -1.46745264e-02
    1.39768514e-01  -8.19453953e-02   9.95733275e-02  -1.11542353e-02
   -1.69702999e-02  -9.56480445e-02  -2.78556697e-02  -4.57689955e-02
    1.17616437e-02  -6.15991339e-02  -1.71233536e-02]] 
 True ordinary:  [[ 0.          0.          1.          0.          0.          0.          0.
   0.          0.          0.          0.          0.          0.          0.
   0.          0.          0.          0.          0.          0.          0.
   0.          0.          0.          0.          0.          0.          0.
   0.          0.          0.          0.          0.          0.          0.        ]
 [ 0.         -8.5         0.          3.5         0.          0.          0.
   0.          0.          0.          0.          0.          0.          0.
   0.          0.          0.          0.          0.          0.          0.
   0.          0.          0.          0.          0.          0.          0.
   0.          0.          0.          0.          0.          0.          0.        ]
 [ 0.          0.          0.          0.          1.          0.          0.
   0.          0.          0.          0.          0.          0.          0.
   0.          0.          0.          0.          0.          0.          0.
   0.          0.          0.          0.          0.          0.          0.
   0.          0.          0.          0.          0.          0.          0.        ]
 [ 0.          2.33333333  0.         -4.33333333  0.          0.          0.
   0.          0.          0.          0.          0.          0.          0.
   0.          0.          0.          0.          0.          0.          0.
   0.          0.          0.          0.          0.          0.          0.
   0.          0.          0.          0.          0.          0.          0.        ]]

 Estimated hermite:  [[ -8.64862070e-01  -9.15769773e+00   6.14200128e+00   4.95614052e+00
   -2.61874936e-01  -3.57082044e-01  -2.14769440e-01   7.35181370e-02
   -2.20741979e-01   2.96219600e-01  -1.13592585e+00   3.61205531e-01
    9.57972198e-02   4.30988537e-01  -7.89769695e-02  -4.70054594e+00
   -1.36061352e-01  -8.84290170e-02  -1.61058620e-02   4.40390068e+00
    1.87950900e-01   3.31148751e-01  -5.82128592e+00  -1.10784783e-01
    2.10539229e+00  -1.09466777e+00   6.15048873e-01  -5.25819349e-02
    1.45876975e-01  -6.72623651e-01   1.34440850e-01  -3.78829424e-01
    1.47487629e-01  -6.50292639e-01  -9.03215624e-02]
 [ -9.13808977e-01  -5.14784738e+01  -1.44981111e+00   2.22876973e+01
   -3.36919284e-02  -4.12991516e-01  -2.36525556e-01   5.96812204e-02
    2.00800673e-01   2.20569097e-01  -1.28142118e+00   2.68768441e-01
    1.34108514e-01   3.83913182e-01  -1.48376762e-01   4.30913278e+00
   -1.20986747e+00   8.36497878e-02  -5.58274731e-02  -3.46108575e+00
    8.01534849e-01   2.19161375e-01  -1.37303114e+00  -6.64862411e-01
    1.69922192e+00  -8.80438815e-01   5.21364427e-01  -5.34300531e-02
    1.63298529e-01  -5.71507760e-01  -6.86712178e-02  -3.83081232e-01
    1.61212996e-01  -5.30616015e-01  -3.12304985e-02]
 [ -7.16303428e-01  -2.98283622e+00  -7.38949282e-01   5.26503785e-01
    6.44662484e+00  -3.27816529e-01  -2.38357013e-01   6.90513166e-02
   -2.79495777e-01   2.09404844e-01  -8.82227878e-01   3.45095844e-01
    5.70849312e-02   3.21774406e-01  -1.45607416e-01  -1.23936681e+00
   -1.31515380e+00   3.90736978e-02  -1.50059616e-02   6.49934631e-01
    1.02795804e+00   2.20384025e-01  -3.26992353e+00  -3.73367502e-01
    7.25275198e-01  -3.41748522e-01   5.23432636e-01  -6.68881935e-02
   -4.99863278e-01  -5.27461375e-01   3.04442560e-01  -3.41528155e-01
    1.63325454e-01  -6.12063135e-01  -1.00610962e-01]
 [ -7.67749166e-01   7.09298654e+00  -2.04286920e-01  -2.30546556e+01
   -6.59503089e-01  -3.74544856e-01  -2.30154464e-01   5.85284921e-02
   -5.36883494e-02   2.76203236e-01  -9.09625319e-01   3.63342506e-01
    4.79797306e-02   4.31398549e-01  -1.58753397e-01  -4.93564534e+00
   -7.28475770e-01  -1.60779980e-02   0.00000000e+00   4.22771817e+00
    4.47398362e-01   2.83098212e-01  -5.37454018e+00  -1.30394406e-01
    2.15112100e+00  -7.28147597e-01   6.25637669e-01  -9.91139238e-02
   -1.06627539e-01  -6.00974388e-01  -2.47518959e-01  -4.06692579e-01
    1.04511212e-01  -5.47355482e-01  -2.63538651e-01]] 
 True hermite:  [[  0.           0.           6.28318531   0.           0.           0.
    0.           0.           0.           0.           0.           0.
    0.           0.           0.           0.           0.           0.
    0.           0.           0.           0.           0.           0.
    0.           0.           0.           0.           0.           0.
    0.           0.           0.           0.           0.        ]
 [  0.         -53.40707511   0.          21.99114858   0.           0.
    0.           0.           0.           0.           0.           0.
    0.           0.           0.           0.           0.           0.
    0.           0.           0.           0.           0.           0.
    0.           0.           0.           0.           0.           0.
    0.           0.           0.           0.           0.        ]
 [  0.           0.           0.           0.           6.28318531   0.
    0.           0.           0.           0.           0.           0.
    0.           0.           0.           0.           0.           0.
    0.           0.           0.           0.           0.           0.
    0.           0.           0.           0.           0.           0.
    0.           0.           0.           0.           0.        ]
 [  0.          14.66076572   0.         -27.22713633   0.           0.
    0.           0.           0.           0.           0.           0.
    0.           0.           0.           0.           0.           0.
    0.           0.           0.           0.           0.           0.
    0.           0.           0.           0.           0.           0.
    0.           0.           0.           0.           0.        ]]


