My SLURM_ARRAY_TASK_ID:  5
Data shape: (10, 101, 4)
Theta shape: (35, 4)
Theta: [[ 0.20047504  0.45867661  0.06344915  0.09872166]
 [ 0.19902877  0.0146897   0.46670491  0.00608521]
 [ 0.0828961   0.08718285  0.3891707   0.46580767]
 [ 0.41384902  0.16115976  0.27558734  0.37318202]
 [ 0.0786993   0.47081143  0.2338212   0.25638321]
 [ 0.04035401  0.49071731  0.47965501  0.3123466 ]
 [ 0.19132654  0.37500684  0.45370669  0.14910992]
 [ 0.24325583  0.23601141  0.1583927   0.44695735]
 [ 0.2017758   0.09865463  0.04697708  0.21493833]
 [ 0.27290083  0.49319865  0.11699668  0.28704269]
 [ 0.11436149  0.02731361  0.03754508  0.2486346 ]
 [ 0.05258136  0.25455786  0.2020227   0.23733364]
 [ 0.26214327  0.2072618   0.30762997  0.33018815]
 [ 0.38690201  0.35557168  0.18194752  0.44176877]
 [ 0.10884689  0.22418995  0.37472055  0.08119292]
 [ 0.23722396  0.01831459  0.24345416  0.25086352]
 [ 0.0848441   0.29843057  0.08265888  0.23881194]
 [ 0.00267558  0.43320604  0.09002745  0.01163598]
 [ 0.0053788   0.06867015  0.11124442  0.27884991]
 [ 0.07800252  0.12574237  0.44672369  0.40307954]
 [ 0.30137162  0.41108322  0.32159057  0.11287393]
 [ 0.2393185   0.12634748  0.00608179  0.00254941]
 [ 0.18723253  0.49908492  0.22299885  0.48249193]
 [ 0.35978047  0.13803738  0.10958936  0.12219132]
 [ 0.09647362  0.008337    0.24812361  0.35165685]
 [ 0.20073613  0.16946017  0.20949344  0.29768319]
 [ 0.06506577  0.08476957  0.16947791  0.438801  ]
 [ 0.10723708  0.18582718  0.25514146  0.44492504]
 [ 0.18614281  0.11148565  0.37426411  0.43937597]
 [ 0.1491807   0.48858863  0.37220338  0.00617743]
 [ 0.23428464  0.20998332  0.19850042  0.31110164]
 [ 0.34153126  0.47616433  0.19735326  0.11407456]
 [ 0.439021    0.16955565  0.09816926  0.18508571]
 [ 0.46831365  0.13475722  0.29265482  0.37181879]
 [ 0.38992034  0.09520574  0.25073142  0.33844638]]
1
5.04943975664
[[  0.00000000e+00  -1.25870287e-02   0.00000000e+00   1.48495071e-02]
 [ -6.22827439e-01  -5.34275084e+01   9.94247087e-02   1.46095128e+01]
 [  6.26658146e+00  -5.63484225e-01  -2.07645737e-02   1.28226103e-01]
 [  2.05300313e-01   2.18445547e+01  -3.99175756e-01  -2.72255677e+01]
 [  0.00000000e+00   1.92249013e-01   6.24941666e+00  -3.09875873e-01]
 [  0.00000000e+00   0.00000000e+00   0.00000000e+00   0.00000000e+00]
 [  0.00000000e+00   0.00000000e+00   0.00000000e+00   0.00000000e+00]
 [  0.00000000e+00   0.00000000e+00   0.00000000e+00   0.00000000e+00]
 [ -3.47819509e-02  -4.30709463e-02  -2.01544990e-02  -1.14351862e-02]
 [  0.00000000e+00   0.00000000e+00   0.00000000e+00   0.00000000e+00]
 [  0.00000000e+00  -2.48337721e-02   0.00000000e+00   1.03723002e-02]
 [  0.00000000e+00   0.00000000e+00   0.00000000e+00   0.00000000e+00]
 [  0.00000000e+00   0.00000000e+00   0.00000000e+00   0.00000000e+00]
 [  0.00000000e+00   0.00000000e+00   0.00000000e+00   0.00000000e+00]
 [  0.00000000e+00   0.00000000e+00   0.00000000e+00   0.00000000e+00]
 [ -1.07592216e-02  -1.70701095e-02   0.00000000e+00   0.00000000e+00]
 [ -2.26446111e-02  -3.37479472e-02   0.00000000e+00   0.00000000e+00]
 [  0.00000000e+00   0.00000000e+00   0.00000000e+00   0.00000000e+00]
 [  0.00000000e+00   0.00000000e+00   0.00000000e+00   0.00000000e+00]
 [ -2.20787120e-02  -9.75504363e-02  -1.02013846e-01  -2.55612506e-02]
 [ -2.87451714e-02   0.00000000e+00   0.00000000e+00  -1.62093137e-02]
 [  0.00000000e+00   0.00000000e+00   0.00000000e+00   0.00000000e+00]
 [ -1.25504722e-01  -8.01806829e-02  -8.05057581e-02  -5.20704898e-02]
 [  0.00000000e+00  -2.28460503e-02  -1.66295944e-02  -1.00644972e-02]
 [  0.00000000e+00  -5.52864343e-02  -5.24122944e-02   1.20969083e-02]
 [ -2.73061295e-02   0.00000000e+00   0.00000000e+00  -2.72748303e-02]
 [ -1.22967848e-02   0.00000000e+00   0.00000000e+00   0.00000000e+00]
 [  0.00000000e+00   0.00000000e+00   0.00000000e+00   0.00000000e+00]
 [ -4.98486457e-02  -3.28415399e-02   0.00000000e+00  -2.07541893e-02]
 [  0.00000000e+00  -2.09863655e-02  -1.82465059e-02   0.00000000e+00]
 [  2.02350987e-02  -1.75615495e-02  -2.09099754e-02  -2.86086638e-02]
 [ -1.55309236e-02   0.00000000e+00   0.00000000e+00   0.00000000e+00]
 [  0.00000000e+00  -1.35042134e-02  -1.17909534e-02   0.00000000e+00]
 [  0.00000000e+00  -3.42217018e-02  -3.38770566e-02  -1.39963336e-02]
 [  0.00000000e+00  -1.03432882e-02  -1.31521843e-02  -1.11630319e-02]]
2
Finished successfully!, number of iterations:  2
0.0038711897933
[[  0.00000000e+00  -1.01641818e-02   0.00000000e+00   1.52223925e-02]
 [ -6.26827564e-01  -5.34170226e+01   9.65747330e-02   1.46107603e+01]
 [  6.26601436e+00  -5.64058250e-01  -1.90061874e-02   1.29468970e-01]
 [  2.03944272e-01   2.18364146e+01  -4.02559661e-01  -2.72193426e+01]
 [  0.00000000e+00   1.90571320e-01   6.24860901e+00  -3.11572010e-01]
 [  0.00000000e+00   0.00000000e+00   0.00000000e+00   0.00000000e+00]
 [  0.00000000e+00   0.00000000e+00   0.00000000e+00   0.00000000e+00]
 [  0.00000000e+00   0.00000000e+00   0.00000000e+00   0.00000000e+00]
 [ -3.62977944e-02  -3.94312693e-02  -2.00087839e-02  -1.54550375e-02]
 [  0.00000000e+00   0.00000000e+00   0.00000000e+00   0.00000000e+00]
 [  0.00000000e+00  -2.53074420e-02   0.00000000e+00   1.14399346e-02]
 [  0.00000000e+00   0.00000000e+00   0.00000000e+00   0.00000000e+00]
 [  0.00000000e+00   0.00000000e+00   0.00000000e+00   0.00000000e+00]
 [  0.00000000e+00   0.00000000e+00   0.00000000e+00   0.00000000e+00]
 [  0.00000000e+00   0.00000000e+00   0.00000000e+00   0.00000000e+00]
 [ -1.41572391e-02   0.00000000e+00   0.00000000e+00  -1.79899021e-02]
 [ -2.14819814e-02  -3.30056075e-02  -1.06947641e-02   0.00000000e+00]
 [  0.00000000e+00   0.00000000e+00   0.00000000e+00   0.00000000e+00]
 [  0.00000000e+00   0.00000000e+00   0.00000000e+00   0.00000000e+00]
 [ -2.72037578e-02  -1.06609347e-01  -1.02432849e-01  -1.33075640e-02]
 [ -2.80413140e-02   0.00000000e+00   0.00000000e+00  -1.76234836e-02]
 [  0.00000000e+00   0.00000000e+00   0.00000000e+00   0.00000000e+00]
 [ -1.25850145e-01  -6.00853878e-02  -8.21445967e-02  -5.05472509e-02]
 [  0.00000000e+00  -2.52624917e-02  -1.40348066e-02   0.00000000e+00]
 [  0.00000000e+00  -6.54944704e-02  -5.63507628e-02   1.64877201e-02]
 [ -2.50133603e-02   0.00000000e+00  -1.01436659e-02  -2.95204589e-02]
 [ -1.32541921e-02   0.00000000e+00   0.00000000e+00   0.00000000e+00]
 [  0.00000000e+00   0.00000000e+00   0.00000000e+00   0.00000000e+00]
 [ -5.33445825e-02  -3.46246014e-02   0.00000000e+00  -1.98341767e-02]
 [  0.00000000e+00  -1.79379917e-02  -1.79838876e-02  -1.10137389e-02]
 [  2.25454073e-02  -2.06666896e-02  -1.96770196e-02  -2.72654998e-02]
 [ -1.58329158e-02   0.00000000e+00   0.00000000e+00   0.00000000e+00]
 [  0.00000000e+00  -1.34899307e-02  -1.16920379e-02   0.00000000e+00]
 [  0.00000000e+00  -3.51134643e-02  -3.25973605e-02  -1.47105631e-02]
 [  0.00000000e+00  -1.18159357e-02  -1.30370293e-02  -1.19072206e-02]]
Time taken for 4D noise exp:  48.387853145599365 , noise strength:  [ 0.001  0.001  0.001  0.001]
Avg AR burnin:  0.20955 , Avg AR sampling:  0.024635

 Estimated ordinary:  [[  0.00000000e+00  -8.10581704e-02   9.99684731e-01   3.55202374e-02
    2.77742298e-04   0.00000000e+00   0.00000000e+00   0.00000000e+00
   -5.77697340e-03   0.00000000e+00   0.00000000e+00   0.00000000e+00
    0.00000000e+00   0.00000000e+00   0.00000000e+00  -9.19862836e-04
   -2.41757230e-03   0.00000000e+00   0.00000000e+00  -3.06149837e-03
   -4.46291373e-03   0.00000000e+00  -1.41631174e-02   0.00000000e+00
    0.00000000e+00  -2.81499205e-03  -2.10947020e-03   0.00000000e+00
   -8.49005399e-03   0.00000000e+00   2.53724976e-03  -1.78182905e-03
    0.00000000e+00   0.00000000e+00   0.00000000e+00]
 [  1.23040810e-03  -8.49482121e+00  -8.16970430e-02   3.50408920e+00
    3.49593992e-02   0.00000000e+00   0.00000000e+00   0.00000000e+00
   -6.27568143e-03   0.00000000e+00  -2.84808787e-03   0.00000000e+00
    0.00000000e+00   0.00000000e+00   0.00000000e+00   0.00000000e+00
   -3.71443587e-03   0.00000000e+00   0.00000000e+00  -1.19977668e-02
    0.00000000e+00   0.00000000e+00  -6.76198188e-03  -2.84302919e-03
   -4.25548576e-03   0.00000000e+00   0.00000000e+00   0.00000000e+00
   -5.51067646e-03  -2.85492005e-03  -2.32581973e-03   0.00000000e+00
   -1.51815059e-03  -3.95165310e-03  -7.67737271e-04]
 [  0.00000000e+00   2.46148612e-02   1.07394239e-03  -3.78889949e-02
    1.00039425e+00   0.00000000e+00   0.00000000e+00   0.00000000e+00
   -3.18449686e-03   0.00000000e+00   0.00000000e+00   0.00000000e+00
    0.00000000e+00   0.00000000e+00   0.00000000e+00   0.00000000e+00
   -1.20358383e-03   0.00000000e+00   0.00000000e+00  -1.15277457e-02
    0.00000000e+00   0.00000000e+00  -9.24451508e-03  -1.57947068e-03
   -3.66137579e-03  -1.14156349e-03   0.00000000e+00   0.00000000e+00
    0.00000000e+00  -2.86222460e-03  -2.21444273e-03   0.00000000e+00
   -1.31581656e-03  -3.66849194e-03  -8.47077505e-04]
 [  1.13527403e-03   2.33456996e+00   2.06056265e-02  -4.33215363e+00
   -4.08765544e-02   0.00000000e+00   0.00000000e+00   0.00000000e+00
   -2.45974561e-03   0.00000000e+00   1.28744498e-03   0.00000000e+00
    0.00000000e+00   0.00000000e+00   0.00000000e+00  -1.16888909e-03
    0.00000000e+00   0.00000000e+00   0.00000000e+00  -1.49762713e-03
   -2.80486453e-03   0.00000000e+00  -5.68856434e-03   0.00000000e+00
    1.07128522e-03  -3.32221885e-03   0.00000000e+00   0.00000000e+00
   -3.15670726e-03  -1.75289098e-03  -3.06844680e-03   0.00000000e+00
    0.00000000e+00  -1.65552000e-03  -7.73668481e-04]] 
 True ordinary:  [[ 0.          0.          1.          0.          0.          0.          0.
   0.          0.          0.          0.          0.          0.          0.
   0.          0.          0.          0.          0.          0.          0.
   0.          0.          0.          0.          0.          0.          0.
   0.          0.          0.          0.          0.          0.          0.        ]
 [ 0.         -8.5         0.          3.5         0.          0.          0.
   0.          0.          0.          0.          0.          0.          0.
   0.          0.          0.          0.          0.          0.          0.
   0.          0.          0.          0.          0.          0.          0.
   0.          0.          0.          0.          0.          0.          0.        ]
 [ 0.          0.          0.          0.          1.          0.          0.
   0.          0.          0.          0.          0.          0.          0.
   0.          0.          0.          0.          0.          0.          0.
   0.          0.          0.          0.          0.          0.          0.
   0.          0.          0.          0.          0.          0.          0.        ]
 [ 0.          2.33333333  0.         -4.33333333  0.          0.          0.
   0.          0.          0.          0.          0.          0.          0.
   0.          0.          0.          0.          0.          0.          0.
   0.          0.          0.          0.          0.          0.          0.
   0.          0.          0.          0.          0.          0.          0.        ]]

 Estimated hermite:  [[  0.00000000e+00  -6.26827564e-01   6.26601436e+00   2.03944272e-01
    0.00000000e+00   0.00000000e+00   0.00000000e+00   0.00000000e+00
   -3.62977944e-02   0.00000000e+00   0.00000000e+00   0.00000000e+00
    0.00000000e+00   0.00000000e+00   0.00000000e+00  -1.41572391e-02
   -2.14819814e-02   0.00000000e+00   0.00000000e+00  -2.72037578e-02
   -2.80413140e-02   0.00000000e+00  -1.25850145e-01   0.00000000e+00
    0.00000000e+00  -2.50133603e-02  -1.32541921e-02   0.00000000e+00
   -5.33445825e-02   0.00000000e+00   2.25454073e-02  -1.58329158e-02
    0.00000000e+00   0.00000000e+00   0.00000000e+00]
 [ -1.01641818e-02  -5.34170226e+01  -5.64058250e-01   2.18364146e+01
    1.90571320e-01   0.00000000e+00   0.00000000e+00   0.00000000e+00
   -3.94312693e-02   0.00000000e+00  -2.53074420e-02   0.00000000e+00
    0.00000000e+00   0.00000000e+00   0.00000000e+00   0.00000000e+00
   -3.30056075e-02   0.00000000e+00   0.00000000e+00  -1.06609347e-01
    0.00000000e+00   0.00000000e+00  -6.00853878e-02  -2.52624917e-02
   -6.54944704e-02   0.00000000e+00   0.00000000e+00   0.00000000e+00
   -3.46246014e-02  -1.79379917e-02  -2.06666896e-02   0.00000000e+00
   -1.34899307e-02  -3.51134643e-02  -1.18159357e-02]
 [  0.00000000e+00   9.65747330e-02  -1.90061874e-02  -4.02559661e-01
    6.24860901e+00   0.00000000e+00   0.00000000e+00   0.00000000e+00
   -2.00087839e-02   0.00000000e+00   0.00000000e+00   0.00000000e+00
    0.00000000e+00   0.00000000e+00   0.00000000e+00   0.00000000e+00
   -1.06947641e-02   0.00000000e+00   0.00000000e+00  -1.02432849e-01
    0.00000000e+00   0.00000000e+00  -8.21445967e-02  -1.40348066e-02
   -5.63507628e-02  -1.01436659e-02   0.00000000e+00   0.00000000e+00
    0.00000000e+00  -1.79838876e-02  -1.96770196e-02   0.00000000e+00
   -1.16920379e-02  -3.25973605e-02  -1.30370293e-02]
 [  1.52223925e-02   1.46107603e+01   1.29468970e-01  -2.72193426e+01
   -3.11572010e-01   0.00000000e+00   0.00000000e+00   0.00000000e+00
   -1.54550375e-02   0.00000000e+00   1.14399346e-02   0.00000000e+00
    0.00000000e+00   0.00000000e+00   0.00000000e+00  -1.79899021e-02
    0.00000000e+00   0.00000000e+00   0.00000000e+00  -1.33075640e-02
   -1.76234836e-02   0.00000000e+00  -5.05472509e-02   0.00000000e+00
    1.64877201e-02  -2.95204589e-02   0.00000000e+00   0.00000000e+00
   -1.98341767e-02  -1.10137389e-02  -2.72654998e-02   0.00000000e+00
    0.00000000e+00  -1.47105631e-02  -1.19072206e-02]] 
 True hermite:  [[  0.           0.           6.28318531   0.           0.           0.
    0.           0.           0.           0.           0.           0.
    0.           0.           0.           0.           0.           0.
    0.           0.           0.           0.           0.           0.
    0.           0.           0.           0.           0.           0.
    0.           0.           0.           0.           0.        ]
 [  0.         -53.40707511   0.          21.99114858   0.           0.
    0.           0.           0.           0.           0.           0.
    0.           0.           0.           0.           0.           0.
    0.           0.           0.           0.           0.           0.
    0.           0.           0.           0.           0.           0.
    0.           0.           0.           0.           0.        ]
 [  0.           0.           0.           0.           6.28318531   0.
    0.           0.           0.           0.           0.           0.
    0.           0.           0.           0.           0.           0.
    0.           0.           0.           0.           0.           0.
    0.           0.           0.           0.           0.           0.
    0.           0.           0.           0.           0.        ]
 [  0.          14.66076572   0.         -27.22713633   0.           0.
    0.           0.           0.           0.           0.           0.
    0.           0.           0.           0.           0.           0.
    0.           0.           0.           0.           0.           0.
    0.           0.           0.           0.           0.           0.
    0.           0.           0.           0.           0.        ]]


