My SLURM_ARRAY_TASK_ID:  4
Data shape: (10, 101, 4)
Theta shape: (35, 4)
Theta: [[  3.59761162e-01   2.57796163e-01   2.38000311e-01   4.27256323e-01]
 [  1.52721496e-01   3.46493981e-01   4.82339392e-01   1.56915613e-02]
 [  4.79188209e-01   2.70303060e-01   1.09774372e-02   3.99305123e-02]
 [  3.36953670e-01   2.20664129e-01   1.22257330e-01   4.27582451e-01]
 [  1.98997562e-01   2.05481846e-01   1.83081308e-01   3.84689048e-01]
 [  2.31382313e-01   2.31618852e-01   3.95320180e-04   2.68277842e-01]
 [  1.26794996e-01   2.02489723e-01   8.03453659e-02   4.69869292e-02]
 [  1.55022807e-01   3.86246128e-01   3.39761538e-01   2.73924687e-01]
 [  4.87500565e-01   3.85133003e-01   4.84057984e-01   3.25152707e-01]
 [  4.92043048e-01   2.83108381e-01   3.72335946e-01   9.97944370e-02]
 [  4.18860261e-01   1.63517179e-01   3.73713688e-01   2.84801787e-01]
 [  2.61740669e-01   2.92037774e-01   1.96386649e-01   4.71155234e-01]
 [  4.29826746e-01   3.41967344e-01   8.64608989e-02   1.32090309e-01]
 [  4.98310266e-01   4.10583144e-01   1.63955875e-01   2.22660122e-01]
 [  3.76720328e-01   2.59453996e-02   3.41620233e-01   1.53426277e-01]
 [  9.63511852e-02   4.30362248e-01   3.57201987e-01   2.87375543e-01]
 [  4.00827508e-01   6.10986805e-02   1.58364716e-01   1.86112445e-01]
 [  7.30658896e-02   1.57603990e-01   7.39478368e-02   2.94217072e-01]
 [  1.07633006e-01   3.01252193e-01   2.48155339e-01   1.60762533e-01]
 [  4.04280731e-01   3.35623091e-01   3.40785300e-01   4.01965298e-01]
 [  3.36317103e-01   3.75396655e-01   3.65683866e-01   3.47795252e-01]
 [  2.18877790e-01   1.52521370e-01   1.10691952e-01   2.53447406e-01]
 [  3.23325783e-01   2.45330448e-01   4.34230949e-01   3.12245515e-01]
 [  2.74124133e-01   4.93530197e-02   2.44716877e-01   1.35482962e-01]
 [  3.98082177e-01   9.43799439e-02   2.09096272e-01   4.00658623e-01]
 [  1.09081957e-01   4.29049676e-01   3.22473896e-03   8.56400345e-02]
 [  1.94991947e-01   1.14482603e-01   2.47283592e-02   1.33986964e-01]
 [  4.64971690e-02   3.00062751e-01   4.50737239e-01   2.47754835e-01]
 [  1.45773296e-01   8.12784919e-02   2.64612752e-01   2.39905326e-02]
 [  4.19330377e-01   1.83571363e-01   7.14392275e-02   4.30053219e-01]
 [  2.15456638e-01   4.76222019e-01   2.40353888e-02   3.00750644e-01]
 [  2.36432695e-01   8.79464017e-02   2.68876986e-01   7.00607023e-02]
 [  1.70164980e-01   2.40071173e-01   2.77522868e-01   2.05033059e-01]
 [  1.23476595e-01   2.29535988e-01   5.62757834e-02   1.24089070e-01]
 [  7.27199162e-02   2.54666908e-02   4.60334878e-01   5.18630008e-03]]
1
4.88900865488
[[  0.00000000e+00   0.00000000e+00   1.45603987e-02   0.00000000e+00]
 [ -7.00366058e-01  -5.33622896e+01   2.00887062e-01   1.46361864e+01]
 [  6.20199073e+00  -5.98962725e-01  -3.79725781e-02   1.07819936e-01]
 [  9.83427338e-02   2.18708553e+01  -4.92793588e-01  -2.73725541e+01]
 [ -2.32370305e-02   2.40258501e-01   6.28976574e+00  -2.83373385e-01]
 [ -1.53092149e-02   2.18393745e-02   0.00000000e+00   0.00000000e+00]
 [  0.00000000e+00  -1.28585394e-02  -1.03025876e-02   0.00000000e+00]
 [  0.00000000e+00   0.00000000e+00   0.00000000e+00   0.00000000e+00]
 [  2.40960629e-02   2.38658955e-02   2.91271229e-02   3.03625610e-02]
 [  1.11546663e-02   0.00000000e+00   0.00000000e+00   0.00000000e+00]
 [  0.00000000e+00  -2.04323305e-02   1.69763284e-02   0.00000000e+00]
 [ -1.71273887e-02  -2.79933249e-02  -1.83744304e-02  -1.78191582e-02]
 [  0.00000000e+00   0.00000000e+00   0.00000000e+00   0.00000000e+00]
 [  0.00000000e+00  -3.41801632e-02   0.00000000e+00   1.52234837e-02]
 [  1.50166224e-02   0.00000000e+00   0.00000000e+00   0.00000000e+00]
 [ -7.71081875e-02   8.10652415e-02   8.56089625e-02   3.47521685e-02]
 [ -4.99433342e-02  -3.82172052e-02  -1.93568276e-02  -1.24612204e-02]
 [  0.00000000e+00   1.62954552e-02   0.00000000e+00   0.00000000e+00]
 [  0.00000000e+00  -1.57331566e-02   0.00000000e+00   0.00000000e+00]
 [  1.87454528e-01   8.14046467e-02   3.43707676e-02   1.32694677e-01]
 [  3.80412141e-02   1.42316499e-02   0.00000000e+00   0.00000000e+00]
 [  0.00000000e+00   0.00000000e+00   0.00000000e+00   0.00000000e+00]
 [ -1.98507844e-01  -1.07628422e-01  -6.50740895e-02  -9.24271528e-02]
 [ -7.56530952e-02  -9.63938356e-02  -4.06585231e-02  -3.73580365e-02]
 [ -2.06212451e-01  -1.50952177e-01  -2.25363535e-01  -2.00221667e-01]
 [  2.98530791e-02   6.78911559e-02   5.64020205e-02   3.61671843e-02]
 [  3.09377261e-02   1.17414667e-02   1.58800144e-02   2.39246240e-02]
 [  0.00000000e+00   0.00000000e+00   0.00000000e+00  -1.20210066e-02]
 [  1.04301347e-02   0.00000000e+00   0.00000000e+00  -2.64450274e-02]
 [ -2.66695413e-02   0.00000000e+00  -1.35940136e-02  -3.29372051e-02]
 [ -4.22756673e-02   2.07234452e-02   0.00000000e+00  -3.91410759e-02]
 [  3.49969118e-02   0.00000000e+00   0.00000000e+00   1.77638080e-02]
 [ -2.07205143e-02  -2.69493543e-02  -2.31030332e-02  -1.89780045e-02]
 [ -6.51396167e-02  -4.49385660e-02  -4.80205292e-02  -6.05440619e-02]
 [ -2.30996809e-02  -1.41137512e-02  -2.49518568e-02  -2.87481815e-02]]
2
Finished successfully!, number of iterations:  2
0.012987460976
[[  0.00000000e+00  -1.02054613e-02   1.18155275e-02   0.00000000e+00]
 [ -7.06102194e-01  -5.32475005e+01   1.90806758e-01   1.45921778e+01]
 [  6.21569122e+00  -6.11381519e-01  -4.63520697e-02   1.03523973e-01]
 [  9.83089630e-02   2.18391523e+01  -5.10032356e-01  -2.73523202e+01]
 [ -1.99693543e-02   2.48378636e-01   6.30059986e+00  -2.92221237e-01]
 [ -2.43673365e-02   0.00000000e+00   0.00000000e+00   0.00000000e+00]
 [  0.00000000e+00  -1.31565087e-02   0.00000000e+00   0.00000000e+00]
 [  0.00000000e+00   0.00000000e+00   0.00000000e+00   0.00000000e+00]
 [  3.32111242e-02   3.98629880e-02   2.89834222e-02   3.56122836e-02]
 [  1.52188995e-02   0.00000000e+00   0.00000000e+00   1.26267456e-02]
 [  0.00000000e+00  -3.06089578e-02   1.92301332e-02   1.27141097e-02]
 [ -1.49221657e-02  -3.56084204e-02  -1.22466376e-02   0.00000000e+00]
 [  1.02538223e-02   0.00000000e+00   0.00000000e+00   0.00000000e+00]
 [  0.00000000e+00  -3.77261840e-02   0.00000000e+00   1.11969326e-02]
 [  1.71129247e-02   0.00000000e+00   0.00000000e+00   0.00000000e+00]
 [ -7.42582997e-02   2.55524051e-01   8.50171694e-02  -2.26211180e-02]
 [ -1.36919306e-02  -6.98353450e-02  -2.85118084e-02  -1.28422742e-02]
 [  0.00000000e+00   1.12290112e-02   1.01291869e-02   0.00000000e+00]
 [  0.00000000e+00  -1.32823677e-02   0.00000000e+00   0.00000000e+00]
 [  1.52491475e-01  -5.02046916e-02   3.92511756e-02   1.84466006e-01]
 [  2.24343931e-02   4.93227483e-02   1.99130282e-02   0.00000000e+00]
 [  0.00000000e+00   0.00000000e+00   0.00000000e+00   0.00000000e+00]
 [ -2.16558053e-01  -4.69569442e-02  -7.04614648e-02  -1.39520015e-01]
 [ -7.22894135e-02  -8.90424134e-02  -5.10469908e-02  -4.42966082e-02]
 [ -1.84497688e-01  -1.36600179e-01  -2.47195513e-01  -1.94596766e-01]
 [  2.68217776e-02   8.96800284e-02   6.58984668e-02   1.10801686e-02]
 [  3.66035416e-02   0.00000000e+00   2.07513477e-02   3.33842939e-02]
 [  0.00000000e+00   0.00000000e+00   0.00000000e+00  -1.38486211e-02]
 [  2.25981028e-02  -1.82539487e-02  -2.56209228e-02   0.00000000e+00]
 [ -2.64527291e-02   0.00000000e+00  -1.30278840e-02  -2.37727112e-02]
 [ -3.58367815e-02   0.00000000e+00   0.00000000e+00  -3.44931284e-02]
 [  3.29365229e-02   0.00000000e+00   1.47239518e-02   3.01616733e-02]
 [ -2.02812218e-02  -2.57709409e-02  -2.04039942e-02  -1.82217793e-02]
 [ -6.49706109e-02  -3.22168005e-02  -5.18849216e-02  -6.27613806e-02]
 [ -2.11634822e-02  -2.22413531e-02  -2.47597537e-02  -2.36588284e-02]]
Time taken for 4D noise exp:  46.325952768325806 , noise strength:  [ 0.005  0.005  0.005  0.005]
Avg AR burnin:  0.2336 , Avg AR sampling:  0.04083

 Estimated ordinary:  [[  8.16408159e-04  -7.72402325e-02   1.00121672e+00   4.17598640e-02
    1.96159779e-03  -2.74228883e-03   0.00000000e+00   0.00000000e+00
    5.28571458e-03   2.42216308e-03   0.00000000e+00  -2.37493644e-03
    1.63194650e-03   0.00000000e+00   1.92588067e-03  -4.82491323e-03
   -1.54088357e-03   0.00000000e+00   0.00000000e+00   1.71613203e-02
    3.57054456e-03   0.00000000e+00  -2.43713435e-02  -8.13541731e-03
   -1.19876881e-02   3.01851050e-03   5.82563457e-03   0.00000000e+00
    3.59659976e-03  -4.21008260e-03  -4.03305488e-03   3.70666112e-03
   -2.28243937e-03  -7.31176264e-03  -1.37509161e-03]
 [  1.82046841e-03  -8.52038993e+00  -7.39350564e-02   3.51171140e+00
    3.37735165e-02   0.00000000e+00  -2.09392340e-03   0.00000000e+00
    6.34439159e-03   0.00000000e+00  -3.44471802e-03  -5.66725612e-03
    0.00000000e+00  -6.00430867e-03   0.00000000e+00   1.66026071e-02
   -7.85923756e-03   1.26370775e-03  -8.63018298e-04  -5.65001287e-03
    7.84995920e-03   0.00000000e+00  -5.28451287e-03  -1.00207922e-02
   -8.87556019e-03   1.00925491e-02   0.00000000e+00   0.00000000e+00
   -2.90520617e-03   0.00000000e+00   0.00000000e+00   0.00000000e+00
   -2.90024982e-03  -3.62566389e-03  -1.44512599e-03]
 [ -2.83650720e-04   1.89286750e-02   3.87260572e-03  -3.15679871e-02
    1.00018170e+00   0.00000000e+00   0.00000000e+00   0.00000000e+00
    4.61285491e-03   0.00000000e+00   2.16415033e-03  -1.94911291e-03
    0.00000000e+00   0.00000000e+00   0.00000000e+00   5.52396792e-03
   -3.20870579e-03   1.13993403e-03   0.00000000e+00   4.41730923e-03
    3.16925687e-03   0.00000000e+00  -7.92970080e-03  -5.74480484e-03
   -1.60614625e-02   7.41618311e-03   3.30267956e-03   0.00000000e+00
   -4.07769652e-03  -2.07345214e-03   0.00000000e+00   1.65702675e-03
   -2.29625611e-03  -5.83910519e-03  -1.60875840e-03]
 [ -1.43084005e-03   2.33913377e+00   2.49574062e-02  -4.32902193e+00
   -3.77033750e-02   0.00000000e+00   0.00000000e+00   0.00000000e+00
    5.66787097e-03   2.00960897e-03   1.43084005e-03   0.00000000e+00
    0.00000000e+00   1.78204717e-03   0.00000000e+00  -1.46980111e-03
   -1.44526363e-03   0.00000000e+00   0.00000000e+00   2.07597194e-02
    0.00000000e+00   0.00000000e+00  -1.57015182e-02  -4.98511988e-03
   -1.26438730e-02   1.24695707e-03   5.31327540e-03  -1.55851744e-03
    0.00000000e+00  -3.78354449e-03  -3.88184079e-03   3.39438083e-03
   -2.05067065e-03  -7.06313687e-03  -1.53722607e-03]] 
 True ordinary:  [[ 0.          0.          1.          0.          0.          0.          0.
   0.          0.          0.          0.          0.          0.          0.
   0.          0.          0.          0.          0.          0.          0.
   0.          0.          0.          0.          0.          0.          0.
   0.          0.          0.          0.          0.          0.          0.        ]
 [ 0.         -8.5         0.          3.5         0.          0.          0.
   0.          0.          0.          0.          0.          0.          0.
   0.          0.          0.          0.          0.          0.          0.
   0.          0.          0.          0.          0.          0.          0.
   0.          0.          0.          0.          0.          0.          0.        ]
 [ 0.          0.          0.          0.          1.          0.          0.
   0.          0.          0.          0.          0.          0.          0.
   0.          0.          0.          0.          0.          0.          0.
   0.          0.          0.          0.          0.          0.          0.
   0.          0.          0.          0.          0.          0.          0.        ]
 [ 0.          2.33333333  0.         -4.33333333  0.          0.          0.
   0.          0.          0.          0.          0.          0.          0.
   0.          0.          0.          0.          0.          0.          0.
   0.          0.          0.          0.          0.          0.          0.
   0.          0.          0.          0.          0.          0.          0.        ]]

 Estimated hermite:  [[  0.00000000e+00  -7.06102194e-01   6.21569122e+00   9.83089630e-02
   -1.99693543e-02  -2.43673365e-02   0.00000000e+00   0.00000000e+00
    3.32111242e-02   1.52188995e-02   0.00000000e+00  -1.49221657e-02
    1.02538223e-02   0.00000000e+00   1.71129247e-02  -7.42582997e-02
   -1.36919306e-02   0.00000000e+00   0.00000000e+00   1.52491475e-01
    2.24343931e-02   0.00000000e+00  -2.16558053e-01  -7.22894135e-02
   -1.84497688e-01   2.68217776e-02   3.66035416e-02   0.00000000e+00
    2.25981028e-02  -2.64527291e-02  -3.58367815e-02   3.29365229e-02
   -2.02812218e-02  -6.49706109e-02  -2.11634822e-02]
 [ -1.02054613e-02  -5.32475005e+01  -6.11381519e-01   2.18391523e+01
    2.48378636e-01   0.00000000e+00  -1.31565087e-02   0.00000000e+00
    3.98629880e-02   0.00000000e+00  -3.06089578e-02  -3.56084204e-02
    0.00000000e+00  -3.77261840e-02   0.00000000e+00   2.55524051e-01
   -6.98353450e-02   1.12290112e-02  -1.32823677e-02  -5.02046916e-02
    4.93227483e-02   0.00000000e+00  -4.69569442e-02  -8.90424134e-02
   -1.36600179e-01   8.96800284e-02   0.00000000e+00   0.00000000e+00
   -1.82539487e-02   0.00000000e+00   0.00000000e+00   0.00000000e+00
   -2.57709409e-02  -3.22168005e-02  -2.22413531e-02]
 [  1.18155275e-02   1.90806758e-01  -4.63520697e-02  -5.10032356e-01
    6.30059986e+00   0.00000000e+00   0.00000000e+00   0.00000000e+00
    2.89834222e-02   0.00000000e+00   1.92301332e-02  -1.22466376e-02
    0.00000000e+00   0.00000000e+00   0.00000000e+00   8.50171694e-02
   -2.85118084e-02   1.01291869e-02   0.00000000e+00   3.92511756e-02
    1.99130282e-02   0.00000000e+00  -7.04614648e-02  -5.10469908e-02
   -2.47195513e-01   6.58984668e-02   2.07513477e-02   0.00000000e+00
   -2.56209228e-02  -1.30278840e-02   0.00000000e+00   1.47239518e-02
   -2.04039942e-02  -5.18849216e-02  -2.47597537e-02]
 [  0.00000000e+00   1.45921778e+01   1.03523973e-01  -2.73523202e+01
   -2.92221237e-01   0.00000000e+00   0.00000000e+00   0.00000000e+00
    3.56122836e-02   1.26267456e-02   1.27141097e-02   0.00000000e+00
    0.00000000e+00   1.11969326e-02   0.00000000e+00  -2.26211180e-02
   -1.28422742e-02   0.00000000e+00   0.00000000e+00   1.84466006e-01
    0.00000000e+00   0.00000000e+00  -1.39520015e-01  -4.42966082e-02
   -1.94596766e-01   1.10801686e-02   3.33842939e-02  -1.38486211e-02
    0.00000000e+00  -2.37727112e-02  -3.44931284e-02   3.01616733e-02
   -1.82217793e-02  -6.27613806e-02  -2.36588284e-02]] 
 True hermite:  [[  0.           0.           6.28318531   0.           0.           0.
    0.           0.           0.           0.           0.           0.
    0.           0.           0.           0.           0.           0.
    0.           0.           0.           0.           0.           0.
    0.           0.           0.           0.           0.           0.
    0.           0.           0.           0.           0.        ]
 [  0.         -53.40707511   0.          21.99114858   0.           0.
    0.           0.           0.           0.           0.           0.
    0.           0.           0.           0.           0.           0.
    0.           0.           0.           0.           0.           0.
    0.           0.           0.           0.           0.           0.
    0.           0.           0.           0.           0.        ]
 [  0.           0.           0.           0.           6.28318531   0.
    0.           0.           0.           0.           0.           0.
    0.           0.           0.           0.           0.           0.
    0.           0.           0.           0.           0.           0.
    0.           0.           0.           0.           0.           0.
    0.           0.           0.           0.           0.        ]
 [  0.          14.66076572   0.         -27.22713633   0.           0.
    0.           0.           0.           0.           0.           0.
    0.           0.           0.           0.           0.           0.
    0.           0.           0.           0.           0.           0.
    0.           0.           0.           0.           0.           0.
    0.           0.           0.           0.           0.        ]]


