My SLURM_ARRAY_TASK_ID:  8
Data shape: (8, 101, 3)
Theta shape: (20, 3)
Theta: [[  1.99204206e-01   3.09838570e-01   2.36791706e-01]
 [  1.92152832e-01   2.94847364e-01   3.03994035e-01]
 [  4.19170880e-02   3.15079578e-01   8.14120153e-03]
 [  7.12479071e-02   2.42165143e-01   1.73438606e-01]
 [  3.44234103e-01   3.17513790e-01   1.10661402e-02]
 [  4.07298817e-01   7.47117543e-02   2.76798961e-01]
 [  3.52736213e-01   1.26329228e-04   1.53817757e-01]
 [  1.59301791e-01   3.63332977e-01   2.23475611e-01]
 [  1.74558568e-01   3.73884211e-01   3.15684630e-01]
 [  4.32858150e-01   1.73860845e-01   2.18378577e-01]
 [  9.99691173e-02   2.87691611e-01   2.31419936e-01]
 [  3.46757079e-01   7.63150244e-02   7.75531481e-02]
 [  3.36393471e-01   2.89738150e-01   4.32785467e-01]
 [  4.98861264e-01   4.90674878e-01   2.32871669e-01]
 [  9.05106500e-02   6.62496293e-02   2.84054241e-02]
 [  1.98389789e-01   4.65793788e-01   3.13640003e-01]
 [  8.53223932e-02   1.96777343e-01   2.45824266e-01]
 [  2.54338558e-01   2.82050497e-01   1.80565422e-01]
 [  3.44725295e-01   2.27626015e-01   2.05021026e-01]
 [  1.90449538e-01   5.23297840e-02   4.61349422e-01]]
1
42.2871214887
[[ 0.02531915  0.01335005  4.78228001]
 [-0.04955186 -6.48316755  0.01774129]
 [ 4.01385371 -1.73674336  0.07202661]
 [-0.03308004 -0.02493089 -0.03202518]
 [ 0.         -0.61568837  0.01498593]
 [ 0.          0.          0.        ]
 [ 0.          0.07764604  0.        ]
 [ 0.         -0.7481027   0.        ]
 [ 0.          0.2729147   0.        ]
 [ 0.01030053 -0.05061034  0.01043298]
 [-0.09303697 -9.56979259  0.        ]
 [ 0.01287263 -0.59926806  0.01971328]
 [ 0.03295314 -0.10926527  0.03542955]
 [ 0.10835395 -0.41853538  0.11615863]
 [ 0.          0.          0.        ]
 [ 0.         -0.02116095  0.        ]
 [ 0.         -0.01871413  0.        ]
 [ 0.          0.0820206   0.        ]
 [ 0.         -0.0196139   0.        ]
 [ 0.          0.          0.        ]]
2
0.295323146454
[[ 0.02252934  0.          4.78318426]
 [-0.05074479 -6.4981876   0.02207299]
 [ 4.00704806 -1.75011712  0.07078075]
 [-0.03328529 -0.020605   -0.03139938]
 [ 0.         -0.59734747  0.01185969]
 [ 0.          0.          0.        ]
 [ 0.          0.05940719  0.        ]
 [ 0.         -0.75379958  0.        ]
 [ 0.          0.27572325  0.        ]
 [ 0.01039655 -0.05162413  0.01022159]
 [-0.09953105 -9.6076411   0.        ]
 [ 0.         -0.6020983   0.02003412]
 [ 0.0345188  -0.09778667  0.03894329]
 [ 0.09963118 -0.42268553  0.11561323]
 [ 0.          0.          0.        ]
 [ 0.         -0.02123009  0.        ]
 [ 0.         -0.01586145  0.        ]
 [ 0.          0.08272241  0.        ]
 [ 0.         -0.01978949  0.        ]
 [ 0.          0.          0.        ]]
3
0.119415629881
[[ 0.02226784  0.          4.7816156 ]
 [-0.05016403 -6.49994273  0.02333331]
 [ 4.00637519 -1.75011163  0.0721103 ]
 [-0.03318054 -0.02056382 -0.03097809]
 [ 0.         -0.59698352  0.01178862]
 [ 0.          0.          0.        ]
 [ 0.          0.06069919  0.        ]
 [ 0.         -0.7533672   0.        ]
 [ 0.          0.27551549  0.        ]
 [ 0.01036367 -0.05165817  0.01013437]
 [-0.09948914 -9.60797411  0.        ]
 [ 0.         -0.60230196  0.01901686]
 [ 0.03492768 -0.09816709  0.03991341]
 [ 0.0990706  -0.42352694  0.11762522]
 [ 0.          0.          0.        ]
 [ 0.         -0.02126483  0.        ]
 [ 0.         -0.01610142  0.        ]
 [ 0.          0.0826802   0.        ]
 [ 0.         -0.01977591  0.        ]
 [ 0.          0.          0.        ]]
4
0.11876994351
[[ 0.02219536  0.          4.78212552]
 [-0.05001054 -6.49875788  0.02242122]
 [ 4.0070208  -1.75203994  0.07373849]
 [-0.03314873 -0.02083696 -0.03111314]
 [ 0.         -0.59739961  0.0120542 ]
 [ 0.          0.          0.        ]
 [ 0.          0.06117559  0.        ]
 [ 0.         -0.75344566  0.        ]
 [ 0.          0.27585964  0.        ]
 [ 0.01037354 -0.0515835   0.01016626]
 [-0.09901566 -9.60712571  0.        ]
 [ 0.         -0.60199466  0.01999197]
 [ 0.03534576 -0.09728152  0.03965418]
 [ 0.09994252 -0.42438884  0.11788942]
 [ 0.          0.          0.        ]
 [ 0.         -0.02132347  0.        ]
 [ 0.         -0.01606048  0.        ]
 [ 0.          0.08268748  0.        ]
 [ 0.         -0.01980664  0.        ]
 [ 0.          0.          0.        ]]
5
0.120597997522
[[ 0.0227175   0.          4.78153472]
 [-0.05096756 -6.49870487  0.02312773]
 [ 4.00652773 -1.74915019  0.07390167]
 [-0.0333738  -0.02021709 -0.03098705]
 [ 0.01020404 -0.5975131   0.0120934 ]
 [ 0.          0.          0.        ]
 [ 0.          0.05914291  0.        ]
 [ 0.         -0.75357924  0.        ]
 [ 0.          0.27528041  0.        ]
 [ 0.01042512 -0.05170544  0.01014742]
 [-0.09947105 -9.6074716   0.        ]
 [ 0.         -0.60248529  0.01897852]
 [ 0.03477136 -0.09694443  0.03926276]
 [ 0.09920253 -0.42283668  0.11890966]
 [ 0.          0.          0.        ]
 [ 0.         -0.02112776  0.        ]
 [ 0.         -0.0157365   0.        ]
 [ 0.          0.08270787  0.        ]
 [ 0.         -0.01974353  0.        ]
 [ 0.          0.          0.        ]]
6
Finished successfully! number of iterations:  6
0.0979215447722
[[ 0.02238512  0.          4.78176644]
 [-0.05042361 -6.49838853  0.02270198]
 [ 4.00648489 -1.74885092  0.07375088]
 [-0.03327753 -0.02016469 -0.03105319]
 [ 0.         -0.59776278  0.01218474]
 [ 0.          0.          0.        ]
 [ 0.          0.05885628  0.        ]
 [ 0.         -0.75368055  0.        ]
 [ 0.          0.27528609  0.        ]
 [ 0.01040468 -0.05171352  0.01016319]
 [-0.09942102 -9.60738199  0.        ]
 [ 0.         -0.60236278  0.01916296]
 [ 0.03503259 -0.09697972  0.03879624]
 [ 0.09935063 -0.42252086  0.11863765]
 [ 0.          0.          0.        ]
 [ 0.         -0.02114419  0.        ]
 [ 0.         -0.01571123  0.        ]
 [ 0.          0.0827196   0.        ]
 [ 0.         -0.01974358  0.        ]
 [ 0.          0.          0.        ]]
Time taken for 3Dd num time series exp:  62.77737069129944 , number of time series:  8
Avg AR burnin:  0.215020833333 , Avg AR sampling:  0.0361395833333

 Estimated ordinary:  [[  3.78672210e-03   1.17346811e-02   9.78891152e-01  -8.38525345e-03
    0.00000000e+00   0.00000000e+00   0.00000000e+00   0.00000000e+00
    0.00000000e+00   1.85386731e-03  -1.02274577e-02   0.00000000e+00
    6.24197883e-03   1.02202162e-02   0.00000000e+00   0.00000000e+00
    0.00000000e+00   0.00000000e+00   0.00000000e+00   0.00000000e+00]
 [  1.05234530e-01   1.33001971e+00  -1.99435436e-01  -2.28171825e-03
   -1.06507201e-01   0.00000000e+00   1.04867981e-02  -1.89912000e-01
    6.93664338e-02  -9.21412742e-03  -9.88313055e-01  -1.07326811e-01
   -1.72794941e-02  -4.34647939e-02   0.00000000e+00  -5.32790223e-03
   -2.79936912e-03   1.47386778e-02  -3.51783851e-03   0.00000000e+00]
 [  1.20092494e+00  -1.19214184e-03  -2.14435106e-02  -7.82476486e-03
    2.17103233e-03   0.00000000e+00   0.00000000e+00   0.00000000e+00
    0.00000000e+00   1.81084089e-03   0.00000000e+00   3.41438614e-03
    6.91257284e-03   1.22042762e-02   0.00000000e+00   0.00000000e+00
    0.00000000e+00   0.00000000e+00   0.00000000e+00   0.00000000e+00]] 
 True ordinary:  [[ 0.    0.    1.    0.    0.    0.    0.    0.    0.    0.    0.    0.    0.
   0.    0.    0.    0.    0.    0.    0.  ]
 [ 0.5   1.   -0.3   0.    0.    0.    0.    0.    0.   -0.25 -1.    0.    0.
   0.    0.    0.    0.    0.    0.    0.  ]
 [ 1.2   0.    0.    0.    0.    0.    0.    0.    0.    0.    0.    0.    0.
   0.    0.    0.    0.    0.    0.    0.  ]]

 Estimated hermite:  [[ 0.02238512 -0.05042361  4.00648489 -0.03327753  0.          0.          0.
   0.          0.          0.01040468 -0.09942102  0.          0.03503259
   0.09935063  0.          0.          0.          0.          0.          0.        ]
 [ 0.         -6.49838853 -1.74885092 -0.02016469 -0.59776278  0.
   0.05885628 -0.75368055  0.27528609 -0.05171352 -9.60738199 -0.60236278
  -0.09697972 -0.42252086  0.         -0.02114419 -0.01571123  0.0827196
  -0.01974358  0.        ]
 [ 4.78176644  0.02270198  0.07375088 -0.03105319  0.01218474  0.          0.
   0.          0.          0.01016319  0.          0.01916296  0.03879624
   0.11863765  0.          0.          0.          0.          0.          0.        ]] 
 True hermite:  [[ 0.          0.          3.96857782  0.          0.          0.          0.
   0.          0.          0.          0.          0.          0.          0.
   0.          0.          0.          0.          0.          0.        ]
 [ 0.99214446 -7.93715565 -1.19057335  0.          0.          0.          0.
   0.          0.         -1.40310415 -9.72099067  0.          0.          0.
   0.          0.          0.          0.          0.          0.        ]
 [ 4.76229339  0.          0.          0.          0.          0.          0.
   0.          0.          0.          0.          0.          0.          0.
   0.          0.          0.          0.          0.          0.        ]]


