My SLURM_ARRAY_TASK_ID:  7
Data shape: (7, 101, 3)
Theta shape: (20, 3)
Theta: [[ 0.44326355  0.21233489  0.31026618]
 [ 0.37041233  0.29898169  0.03928624]
 [ 0.37917214  0.18328181  0.43418151]
 [ 0.1117308   0.11917483  0.2888012 ]
 [ 0.30714005  0.42329611  0.23042452]
 [ 0.29740293  0.34057242  0.05447341]
 [ 0.48911908  0.1181948   0.42895003]
 [ 0.17066991  0.21031514  0.10676541]
 [ 0.29360282  0.24396758  0.11785807]
 [ 0.47205385  0.30784276  0.40571969]
 [ 0.32235949  0.42208741  0.47729265]
 [ 0.20934639  0.05534928  0.37752926]
 [ 0.46986279  0.41733947  0.20191355]
 [ 0.33980316  0.3108419   0.09394261]
 [ 0.00317496  0.05362526  0.03886205]
 [ 0.15849185  0.00149115  0.01773107]
 [ 0.21523917  0.37583473  0.02483018]
 [ 0.26883142  0.36718274  0.42782312]
 [ 0.32828386  0.39773107  0.41299603]
 [ 0.19646629  0.05369687  0.48899757]]
1
42.8339290593
[[ 0.03288343  0.35242502  4.7841225 ]
 [-0.05456451 -6.69314957  0.01859207]
 [ 3.98059996 -1.73570541  0.04456843]
 [-0.04342225 -0.22829544 -0.03984627]
 [ 0.         -0.3631985   0.        ]
 [ 0.          0.12190689  0.        ]
 [ 0.01661396  0.26013076  0.        ]
 [ 0.         -0.58712016  0.        ]
 [ 0.          0.4261994   0.        ]
 [ 0.01319669  0.          0.01268769]
 [-0.10887219 -9.44372456 -0.01251555]
 [ 0.01530698 -0.6766659   0.02207592]
 [ 0.02695425 -0.0628958   0.03196138]
 [ 0.08865127 -0.12234402  0.10147752]
 [ 0.         -0.04544064  0.        ]
 [ 0.         -0.05358822  0.        ]
 [ 0.         -0.08766453  0.        ]
 [ 0.          0.06211893  0.        ]
 [ 0.         -0.03818973  0.        ]
 [ 0.          0.          0.        ]]
2
0.297641264318
[[ 0.03089792  0.34336033  4.78526412]
 [-0.05793526 -6.70233193  0.01862558]
 [ 3.96928223 -1.74300533  0.04779557]
 [-0.04343362 -0.22431808 -0.04035415]
 [ 0.         -0.354854    0.        ]
 [ 0.          0.12853819  0.        ]
 [ 0.01355112  0.2422964   0.        ]
 [ 0.         -0.59457686  0.        ]
 [ 0.          0.43125023  0.        ]
 [ 0.01312816  0.          0.01291212]
 [-0.1167223  -9.48735084 -0.01368006]
 [ 0.         -0.68073652  0.02109078]
 [ 0.02693926 -0.03911434  0.03249219]
 [ 0.07185861 -0.11093756  0.10628756]
 [ 0.         -0.04493749  0.        ]
 [ 0.         -0.05462434  0.        ]
 [ 0.         -0.08577184  0.        ]
 [ 0.          0.06290901  0.        ]
 [ 0.         -0.03860213  0.        ]
 [ 0.          0.          0.        ]]
3
Finished successfully! number of iterations:  3
0.0710761386347
[[ 0.03100209  0.34335973  4.784978  ]
 [-0.0581319  -6.70222356  0.01906994]
 [ 3.96931904 -1.74352353  0.04824879]
 [-0.04349921 -0.22424168 -0.04023839]
 [ 0.         -0.35487163  0.        ]
 [ 0.          0.12813322  0.        ]
 [ 0.01353821  0.24214375  0.        ]
 [ 0.         -0.59445806  0.        ]
 [ 0.          0.43108774  0.        ]
 [ 0.013152    0.          0.01288019]
 [-0.11660353 -9.48720754 -0.01333997]
 [ 0.         -0.68038966  0.02065378]
 [ 0.02723314 -0.03875824  0.03240108]
 [ 0.07212686 -0.11221701  0.10740008]
 [ 0.         -0.04497646  0.        ]
 [ 0.         -0.05457151  0.        ]
 [ 0.         -0.08565818  0.        ]
 [ 0.          0.06288985  0.        ]
 [ 0.         -0.03858811  0.        ]
 [ 0.          0.          0.        ]]
Time taken for 3Dd num time series exp:  25.888080596923828 , number of time series:  7
Avg AR burnin:  0.221333333333 , Avg AR sampling:  0.0420047619048

 Estimated ordinary:  [[ 0.00305632  0.01648473  0.97792766 -0.01096091  0.          0.
   0.00241219  0.          0.          0.00234338 -0.01199503  0.
   0.0048523   0.0074197   0.          0.          0.          0.          0.
   0.        ]
 [ 0.10660504  1.23472987 -0.27659588 -0.03322829 -0.06322974  0.03228694
   0.04314429 -0.14979121  0.10862525  0.         -0.97595069 -0.12122936
  -0.0069058  -0.01154378 -0.00801374 -0.0137509  -0.01526226  0.01120549
  -0.00687549  0.        ]
 [ 1.20342111  0.00314898 -0.02466711 -0.01013925  0.          0.          0.
   0.          0.          0.00229495 -0.00137229  0.00368002  0.00577311
   0.01104826  0.          0.          0.          0.          0.          0.        ]] 
 True ordinary:  [[ 0.    0.    1.    0.    0.    0.    0.    0.    0.    0.    0.    0.    0.
   0.    0.    0.    0.    0.    0.    0.  ]
 [ 0.5   1.   -0.3   0.    0.    0.    0.    0.    0.   -0.25 -1.    0.    0.
   0.    0.    0.    0.    0.    0.    0.  ]
 [ 1.2   0.    0.    0.    0.    0.    0.    0.    0.    0.    0.    0.    0.
   0.    0.    0.    0.    0.    0.    0.  ]]

 Estimated hermite:  [[ 0.03100209 -0.0581319   3.96931904 -0.04349921  0.          0.
   0.01353821  0.          0.          0.013152   -0.11660353  0.
   0.02723314  0.07212686  0.          0.          0.          0.          0.
   0.        ]
 [ 0.34335973 -6.70222356 -1.74352353 -0.22424168 -0.35487163  0.12813322
   0.24214375 -0.59445806  0.43108774  0.         -9.48720754 -0.68038966
  -0.03875824 -0.11221701 -0.04497646 -0.05457151 -0.08565818  0.06288985
  -0.03858811  0.        ]
 [ 4.784978    0.01906994  0.04824879 -0.04023839  0.          0.          0.
   0.          0.          0.01288019 -0.01333997  0.02065378  0.03240108
   0.10740008  0.          0.          0.          0.          0.          0.        ]] 
 True hermite:  [[ 0.          0.          3.96857782  0.          0.          0.          0.
   0.          0.          0.          0.          0.          0.          0.
   0.          0.          0.          0.          0.          0.        ]
 [ 0.99214446 -7.93715565 -1.19057335  0.          0.          0.          0.
   0.          0.         -1.40310415 -9.72099067  0.          0.          0.
   0.          0.          0.          0.          0.          0.        ]
 [ 4.76229339  0.          0.          0.          0.          0.          0.
   0.          0.          0.          0.          0.          0.          0.
   0.          0.          0.          0.          0.          0.        ]]


