My SLURM_ARRAY_TASK_ID:  10
Data shape: (10, 101, 3)
Theta shape: (20, 3)
Theta: [[ 0.22076722  0.3133358   0.18099609]
 [ 0.47376581  0.22805601  0.07170718]
 [ 0.47961132  0.06801681  0.46198496]
 [ 0.13547497  0.46206522  0.41846369]
 [ 0.23524127  0.31028424  0.20055104]
 [ 0.4848789   0.45053086  0.36006966]
 [ 0.4992325   0.19766062  0.11210476]
 [ 0.2628186   0.00138726  0.07020303]
 [ 0.38710896  0.32113185  0.06013123]
 [ 0.05102954  0.08688123  0.17867593]
 [ 0.30628291  0.24044336  0.34914564]
 [ 0.2797431   0.13184528  0.47503981]
 [ 0.08902287  0.14373437  0.09996523]
 [ 0.17208334  0.43910663  0.04976631]
 [ 0.46782014  0.0483438   0.20151513]
 [ 0.17188383  0.4781723   0.02698221]
 [ 0.46871583  0.02222247  0.01262969]
 [ 0.10865171  0.00946074  0.34554053]
 [ 0.3982071   0.31384606  0.19010012]
 [ 0.14579192  0.15058941  0.3615587 ]]
1
43.9716320993
[[ 0.04104885  1.13342435  4.78859525]
 [-0.06700687 -8.07331352  0.0239099 ]
 [ 4.00436703 -1.51218661  0.05436722]
 [-0.02675358 -0.58837472 -0.02006588]
 [ 0.          0.20695579 -0.01023885]
 [-0.01330053 -0.24071032 -0.01424168]
 [ 0.01138055  0.57068485  0.        ]
 [ 0.         -0.2049248   0.        ]
 [ 0.          0.26237555  0.        ]
 [ 0.          0.09748141  0.        ]
 [-0.10127596 -9.89596572  0.        ]
 [ 0.         -0.3194844   0.01070234]
 [ 0.01231805 -0.58189001  0.02112913]
 [ 0.06681669 -0.22052421  0.06719611]
 [ 0.         -0.1268616   0.        ]
 [ 0.          0.          0.        ]
 [ 0.         -0.12709283  0.        ]
 [ 0.          0.01896984  0.        ]
 [ 0.         -0.01788885  0.        ]
 [ 0.          0.          0.        ]]
2
0.288558145858
[[ 0.0446399   1.13910953  4.78795828]
 [-0.06961418 -8.09669655  0.02565999]
 [ 3.98855612 -1.53002719  0.05687814]
 [-0.02714664 -0.58886996 -0.01832531]
 [ 0.          0.21663095 -0.01312599]
 [ 0.         -0.23824258 -0.01869595]
 [ 0.02348614  0.56904016  0.        ]
 [ 0.         -0.20583871  0.        ]
 [ 0.          0.26454601  0.        ]
 [ 0.          0.09765934  0.        ]
 [-0.09827332 -9.93416034  0.        ]
 [ 0.         -0.31574525  0.01120902]
 [ 0.01766452 -0.57152698  0.02433364]
 [ 0.0526338  -0.23480747  0.06800521]
 [ 0.         -0.12726139  0.        ]
 [ 0.          0.          0.        ]
 [ 0.         -0.12700047  0.        ]
 [ 0.          0.01892939  0.        ]
 [ 0.         -0.01813509  0.        ]
 [ 0.          0.          0.        ]]
3
0.116707218464
[[ 0.04411341  1.14034883  4.78790716]
 [-0.06925982 -8.09961296  0.02569256]
 [ 3.99029893 -1.52913926  0.0573103 ]
 [-0.02732395 -0.58894372 -0.01820395]
 [ 0.          0.21802998 -0.01426604]
 [ 0.         -0.2351829  -0.01824646]
 [ 0.02113022  0.56990832  0.        ]
 [ 0.         -0.20546333  0.        ]
 [ 0.          0.26526203  0.        ]
 [ 0.          0.09764704  0.        ]
 [-0.09851067 -9.9365912   0.        ]
 [ 0.         -0.31633581  0.01197392]
 [ 0.01688278 -0.57229349  0.025476  ]
 [ 0.05342197 -0.23091497  0.06857388]
 [ 0.         -0.12739931  0.        ]
 [ 0.          0.          0.        ]
 [ 0.         -0.12722439  0.        ]
 [ 0.          0.01888318  0.        ]
 [ 0.         -0.01819095  0.        ]
 [ 0.          0.          0.        ]]
4
0.111000673941
[[ 0.0448649   1.13988139  4.78769757]
 [-0.06974245 -8.09768468  0.02577342]
 [ 3.98754931 -1.52965746  0.05783462]
 [-0.02719274 -0.58913822 -0.01823186]
 [ 0.          0.21750121 -0.0134133 ]
 [ 0.         -0.23746323 -0.01862236]
 [ 0.02402021  0.56954599  0.        ]
 [ 0.         -0.2058591   0.        ]
 [ 0.          0.26470242  0.        ]
 [ 0.          0.09772767  0.        ]
 [-0.09830401 -9.93479142  0.        ]
 [ 0.         -0.31573124  0.01061352]
 [ 0.01747038 -0.57279707  0.02463103]
 [ 0.05166183 -0.23375865  0.06923372]
 [ 0.         -0.12734428  0.        ]
 [ 0.          0.          0.        ]
 [ 0.         -0.12710096  0.        ]
 [ 0.          0.01893411  0.        ]
 [ 0.         -0.01814734  0.        ]
 [ 0.          0.          0.        ]]
5
Finished successfully! number of iterations:  5
0.0984289850178
[[ 0.04481012  1.13954076  4.78787858]
 [-0.06957368 -8.09682251  0.02548453]
 [ 3.98839009 -1.53091173  0.05684037]
 [-0.02723094 -0.5889972  -0.01816608]
 [ 0.          0.21675011 -0.01343429]
 [ 0.         -0.23813847 -0.01876329]
 [ 0.02406106  0.56925508  0.        ]
 [ 0.         -0.20580277  0.        ]
 [ 0.          0.26451739  0.        ]
 [ 0.          0.09768003  0.        ]
 [-0.09779785 -9.93425554  0.        ]
 [ 0.         -0.31563407  0.01067011]
 [ 0.01771843 -0.57179617  0.02455745]
 [ 0.05237555 -0.23577504  0.06791744]
 [ 0.         -0.12726636  0.        ]
 [ 0.          0.          0.        ]
 [ 0.         -0.1270509   0.        ]
 [ 0.          0.01892354  0.        ]
 [ 0.         -0.01812968  0.        ]
 [ 0.          0.          0.        ]]
Time taken for 3Dd num time series exp:  65.34373760223389 , number of time series:  10
Avg AR burnin:  0.22632 , Avg AR sampling:  0.040884

 Estimated ordinary:  [[ 0.00700412  0.0094933   0.98882864 -0.00686164  0.          0.
   0.00428711  0.          0.          0.         -0.01006048  0.
   0.00315701  0.00538788  0.          0.          0.          0.          0.
   0.        ]
 [ 0.12968902  1.12409185 -0.25352681 -0.10310186  0.03861975 -0.060006
   0.1014278  -0.05185807  0.06665294  0.01740427 -1.02193859 -0.05623853
  -0.10188056 -0.02425422 -0.02267586  0.         -0.02263747  0.00337173
  -0.00323028  0.        ]
 [ 1.20884062  0.00204602 -0.00853859 -0.00457748 -0.00239367 -0.00472796
   0.          0.          0.          0.          0.          0.00190116
   0.00437556  0.00698668  0.          0.          0.          0.          0.
   0.        ]] 
 True ordinary:  [[ 0.    0.    1.    0.    0.    0.    0.    0.    0.    0.    0.    0.    0.
   0.    0.    0.    0.    0.    0.    0.  ]
 [ 0.5   1.   -0.3   0.    0.    0.    0.    0.    0.   -0.25 -1.    0.    0.
   0.    0.    0.    0.    0.    0.    0.  ]
 [ 1.2   0.    0.    0.    0.    0.    0.    0.    0.    0.    0.    0.    0.
   0.    0.    0.    0.    0.    0.    0.  ]]

 Estimated hermite:  [[ 0.04481012 -0.06957368  3.98839009 -0.02723094  0.          0.
   0.02406106  0.          0.          0.         -0.09779785  0.
   0.01771843  0.05237555  0.          0.          0.          0.          0.
   0.        ]
 [ 1.13954076 -8.09682251 -1.53091173 -0.5889972   0.21675011 -0.23813847
   0.56925508 -0.20580277  0.26451739  0.09768003 -9.93425554 -0.31563407
  -0.57179617 -0.23577504 -0.12726636  0.         -0.1270509   0.01892354
  -0.01812968  0.        ]
 [ 4.78787858  0.02548453  0.05684037 -0.01816608 -0.01343429 -0.01876329
   0.          0.          0.          0.          0.          0.01067011
   0.02455745  0.06791744  0.          0.          0.          0.          0.
   0.        ]] 
 True hermite:  [[ 0.          0.          3.96857782  0.          0.          0.          0.
   0.          0.          0.          0.          0.          0.          0.
   0.          0.          0.          0.          0.          0.        ]
 [ 0.99214446 -7.93715565 -1.19057335  0.          0.          0.          0.
   0.          0.         -1.40310415 -9.72099067  0.          0.          0.
   0.          0.          0.          0.          0.          0.        ]
 [ 4.76229339  0.          0.          0.          0.          0.          0.
   0.          0.          0.          0.          0.          0.          0.
   0.          0.          0.          0.          0.          0.        ]]


