My SLURM_ARRAY_TASK_ID:  9
Data shape: (9, 101, 3)
Theta shape: (20, 3)
Theta: [[  3.91685603e-02   4.46823637e-03   1.59485034e-01]
 [  4.05418165e-01   7.96745509e-02   3.87329866e-01]
 [  2.77566548e-01   1.25844948e-01   6.02210986e-02]
 [  2.33202267e-01   1.51195257e-01   3.01732924e-01]
 [  1.12105737e-01   3.00734108e-01   3.88048756e-01]
 [  4.29757641e-01   1.84176163e-01   4.22197322e-03]
 [  4.93307180e-01   1.67655539e-01   3.72558057e-01]
 [  2.36963484e-01   1.78435241e-01   2.71576597e-01]
 [  3.09126730e-01   9.29845786e-02   4.25191687e-01]
 [  3.25347844e-04   2.05286115e-02   3.16533263e-01]
 [  1.03613465e-01   2.66375490e-01   9.76625081e-02]
 [  3.66391885e-01   2.92258402e-01   4.06848593e-02]
 [  3.84351728e-01   3.27430733e-01   4.59598155e-01]
 [  3.40120338e-02   1.40181241e-01   3.80779742e-01]
 [  3.05581907e-01   2.43960683e-01   4.51687575e-01]
 [  2.48342657e-01   1.92514914e-02   3.98028782e-01]
 [  4.41266127e-01   3.99601748e-01   1.94263391e-01]
 [  3.42622036e-02   2.36518235e-01   4.60251561e-01]
 [  3.64075376e-01   2.52870350e-01   4.03372212e-01]
 [  3.33328501e-01   3.37535673e-01   3.51067823e-01]]
1
43.1227263811
[[ 0.03342296 -0.14595929  4.78869755]
 [-0.03825367 -6.06829937  0.03274814]
 [ 4.01373283 -1.77365973  0.06889642]
 [-0.03873418 -0.04185497 -0.03507652]
 [ 0.         -1.03212231  0.        ]
 [-0.01096046  0.0472727  -0.01092714]
 [ 0.01364177 -0.14803113  0.01230856]
 [ 0.         -0.82046317  0.        ]
 [ 0.          0.34033975  0.        ]
 [ 0.01126846 -0.03986128  0.01062336]
 [-0.07806032 -9.44851175  0.01923076]
 [ 0.0193446  -0.58384922  0.02474902]
 [ 0.03195929 -0.06063863  0.0368769 ]
 [ 0.11681511 -0.26640111  0.12353732]
 [ 0.          0.05110025  0.        ]
 [ 0.         -0.02454813  0.        ]
 [ 0.          0.01226427  0.        ]
 [ 0.          0.08813114  0.        ]
 [ 0.         -0.02604099  0.        ]
 [ 0.          0.          0.        ]]
2
0.279354805282
[[ 0.03013317 -0.15098569  4.79615754]
 [-0.03985955 -6.08671188  0.02504389]
 [ 4.00439212 -1.78703388  0.07109654]
 [-0.03626404 -0.0387134  -0.03743194]
 [ 0.         -1.02069634  0.        ]
 [ 0.          0.05904371 -0.01143236]
 [ 0.0170457  -0.16005636  0.01856547]
 [ 0.         -0.82452273  0.        ]
 [ 0.          0.34323863  0.        ]
 [ 0.01051191 -0.04044028  0.01119409]
 [-0.08110866 -9.48713062  0.018922  ]
 [ 0.         -0.58434531  0.02789942]
 [ 0.03052493 -0.04838928  0.0331503 ]
 [ 0.10599483 -0.26804683  0.12735653]
 [ 0.          0.0496859   0.        ]
 [ 0.         -0.02625382  0.        ]
 [ 0.          0.01395811  0.        ]
 [ 0.          0.08864396  0.        ]
 [ 0.         -0.02623704  0.        ]
 [ 0.          0.          0.        ]]
3
Finished successfully! number of iterations:  3
0.0616836485942
[[ 0.0302172  -0.15182564  4.79629883]
 [-0.03992755 -6.08570614  0.02494217]
 [ 4.0045303  -1.78608954  0.07074527]
 [-0.03625628 -0.03822132 -0.03737058]
 [ 0.         -1.02110743  0.        ]
 [ 0.          0.05847443 -0.01143327]
 [ 0.01687739 -0.16048596  0.01891539]
 [ 0.         -0.82478755  0.        ]
 [ 0.          0.34303634  0.        ]
 [ 0.01050031 -0.04057705  0.01116369]
 [-0.08108428 -9.48681245  0.0189392 ]
 [ 0.         -0.58463615  0.02802525]
 [ 0.03033801 -0.04794136  0.03287561]
 [ 0.10584668 -0.26755131  0.12677216]
 [ 0.          0.04975181  0.        ]
 [ 0.         -0.02617555  0.        ]
 [ 0.          0.01397106  0.        ]
 [ 0.          0.08867955  0.        ]
 [ 0.         -0.02621301  0.        ]
 [ 0.          0.          0.        ]]
Time taken for 3Dd num time series exp:  35.30385661125183 , number of time series:  9
Avg AR burnin:  0.225518518519 , Avg AR sampling:  0.0412888888889

 Estimated ordinary:  [[ 0.00273605  0.00955702  0.97639388 -0.00913584  0.          0.
   0.00300715  0.          0.          0.00187091 -0.00834115  0.
   0.00540552  0.01088847  0.          0.          0.          0.          0.
   0.        ]
 [ 0.17950495  1.38699876 -0.2586498  -0.0209849  -0.18193721  0.01473435
  -0.02859481 -0.2078295   0.0864381  -0.00722987 -0.97591005 -0.10416835
  -0.00854202 -0.02752305  0.0088646  -0.0065957   0.00248931  0.0158006
  -0.00467054  0.        ]
 [ 1.20320929 -0.00541758 -0.02629031 -0.00941662  0.         -0.00288095
   0.00337028  0.          0.          0.00198911  0.00194828  0.00499344
   0.00585766  0.01304107  0.          0.          0.          0.          0.
   0.        ]] 
 True ordinary:  [[ 0.    0.    1.    0.    0.    0.    0.    0.    0.    0.    0.    0.    0.
   0.    0.    0.    0.    0.    0.    0.  ]
 [ 0.5   1.   -0.3   0.    0.    0.    0.    0.    0.   -0.25 -1.    0.    0.
   0.    0.    0.    0.    0.    0.    0.  ]
 [ 1.2   0.    0.    0.    0.    0.    0.    0.    0.    0.    0.    0.    0.
   0.    0.    0.    0.    0.    0.    0.  ]]

 Estimated hermite:  [[ 0.0302172  -0.03992755  4.0045303  -0.03625628  0.          0.
   0.01687739  0.          0.          0.01050031 -0.08108428  0.
   0.03033801  0.10584668  0.          0.          0.          0.          0.
   0.        ]
 [-0.15182564 -6.08570614 -1.78608954 -0.03822132 -1.02110743  0.05847443
  -0.16048596 -0.82478755  0.34303634 -0.04057705 -9.48681245 -0.58463615
  -0.04794136 -0.26755131  0.04975181 -0.02617555  0.01397106  0.08867955
  -0.02621301  0.        ]
 [ 4.79629883  0.02494217  0.07074527 -0.03737058  0.         -0.01143327
   0.01891539  0.          0.          0.01116369  0.0189392   0.02802525
   0.03287561  0.12677216  0.          0.          0.          0.          0.
   0.        ]] 
 True hermite:  [[ 0.          0.          3.96857782  0.          0.          0.          0.
   0.          0.          0.          0.          0.          0.          0.
   0.          0.          0.          0.          0.          0.        ]
 [ 0.99214446 -7.93715565 -1.19057335  0.          0.          0.          0.
   0.          0.         -1.40310415 -9.72099067  0.          0.          0.
   0.          0.          0.          0.          0.          0.        ]
 [ 4.76229339  0.          0.          0.          0.          0.          0.
   0.          0.          0.          0.          0.          0.          0.
   0.          0.          0.          0.          0.          0.        ]]


