My SLURM_ARRAY_TASK_ID:  6
Data shape: (6, 101, 3)
Theta shape: (20, 3)
Theta: [[ 0.09456102  0.09562764  0.15581794]
 [ 0.30072491  0.49042535  0.47050872]
 [ 0.01364821  0.12940173  0.03669259]
 [ 0.1571049   0.4943604   0.11492531]
 [ 0.38220556  0.41154529  0.10398929]
 [ 0.40829558  0.10857536  0.49055287]
 [ 0.12286867  0.15625509  0.35347195]
 [ 0.49866724  0.19458558  0.0389424 ]
 [ 0.45103396  0.32891074  0.48202411]
 [ 0.07794344  0.23463088  0.03559529]
 [ 0.48520698  0.38274404  0.03469019]
 [ 0.40702914  0.04226111  0.00656297]
 [ 0.20778456  0.43767058  0.15500362]
 [ 0.12683347  0.34914353  0.00405984]
 [ 0.28891566  0.11190563  0.35764085]
 [ 0.06893318  0.12954896  0.12038883]
 [ 0.04195037  0.04173622  0.32352715]
 [ 0.28738808  0.26528463  0.33498665]
 [ 0.1059898   0.13190573  0.16833838]
 [ 0.23961222  0.45763428  0.04586104]]
1
43.8010225963
[[-0.02345475  0.40829336  4.72332663]
 [-0.08935932 -6.98302763 -0.01413204]
 [ 4.00751263 -1.88587536  0.08089389]
 [-0.02529872 -0.20604839 -0.0189709 ]
 [ 0.         -0.53829393  0.        ]
 [ 0.          0.2438299  -0.01713036]
 [-0.08915499  0.4038222  -0.09723483]
 [ 0.         -0.5556151   0.        ]
 [ 0.          0.44934553 -0.01692913]
 [ 0.         -0.01471188  0.        ]
 [-0.14815713 -9.53958309 -0.05232519]
 [ 0.0426111  -0.67735552  0.05241195]
 [ 0.01851506 -0.37822102  0.02789907]
 [ 0.05835246 -0.16712254  0.0708411 ]
 [ 0.         -0.03380981  0.        ]
 [ 0.         -0.07041988  0.        ]
 [ 0.0157823  -0.12423053  0.01764712]
 [ 0.          0.05806308  0.        ]
 [ 0.         -0.040734    0.        ]
 [ 0.          0.          0.        ]]
2
0.365274275389
[[-0.03390933  0.41865542  4.72980584]
 [-0.08560815 -7.01374984 -0.01051182]
 [ 3.99633918 -1.91285008  0.07223153]
 [-0.02114227 -0.20869677 -0.02137937]
 [ 0.         -0.52528488  0.        ]
 [ 0.          0.24632455  0.        ]
 [-0.096001    0.40267043 -0.09115599]
 [ 0.         -0.55733383  0.        ]
 [ 0.          0.45371138 -0.01244657]
 [ 0.         -0.01433651  0.        ]
 [-0.15544459 -9.58575519 -0.05077284]
 [ 0.02308148 -0.67463644  0.05099573]
 [ 0.02296312 -0.36505795  0.02725212]
 [ 0.04873006 -0.18186506  0.07367967]
 [ 0.         -0.03470845  0.        ]
 [ 0.         -0.07081517  0.        ]
 [ 0.01810171 -0.12446039  0.0167006 ]
 [ 0.          0.05828033  0.        ]
 [ 0.         -0.04109859  0.        ]
 [ 0.          0.          0.        ]]
3
Finished successfully! number of iterations:  3
0.0825229688018
[[-0.03413678  0.4188575   4.7294523 ]
 [-0.08543006 -7.01423227 -0.01046507]
 [ 3.9961241  -1.91213854  0.07240718]
 [-0.02097905 -0.20889416 -0.02119886]
 [ 0.         -0.52518063  0.        ]
 [ 0.          0.24636516  0.        ]
 [-0.09576178  0.40239939 -0.09137824]
 [ 0.         -0.55719399  0.        ]
 [ 0.          0.45361476 -0.01252298]
 [ 0.         -0.01428153  0.        ]
 [-0.15548197 -9.58568885 -0.05073129]
 [ 0.02323644 -0.67495606  0.05085816]
 [ 0.02308532 -0.3654279   0.02723408]
 [ 0.04844604 -0.18127638  0.0736197 ]
 [ 0.         -0.03472611  0.        ]
 [ 0.         -0.07084908  0.        ]
 [ 0.01808025 -0.12444946  0.0167047 ]
 [ 0.          0.05826439  0.        ]
 [ 0.         -0.04108759  0.        ]
 [ 0.          0.          0.        ]]
Time taken for 3Dd num time series exp:  22.463552474975586 , number of time series:  6
Avg AR burnin:  0.221 , Avg AR sampling:  0.0405222222222

 Estimated ordinary:  [[ 0.00846072  0.0223435   0.98784995 -0.00850776  0.          0.
  -0.01706249  0.          0.          0.         -0.01599446  0.00414018
   0.00411326  0.00498365  0.          0.          0.00322147  0.          0.
   0.        ]
 [ 0.12996482  1.24553142 -0.29829373 -0.02427571 -0.09357478  0.06207895
   0.07169806 -0.14040143  0.11430159 -0.00254463 -0.98608148 -0.12026122
  -0.06511062 -0.01864793 -0.00618737 -0.01785251 -0.02217395  0.01038134
  -0.00732084  0.        ]
 [ 1.20800616  0.00816676 -0.01353641 -0.00831806  0.          0.
  -0.01628144  0.         -0.00315553  0.         -0.00521874  0.00906172
   0.00485247  0.00757327  0.          0.          0.00297638  0.          0.
   0.        ]] 
 True ordinary:  [[ 0.    0.    1.    0.    0.    0.    0.    0.    0.    0.    0.    0.    0.
   0.    0.    0.    0.    0.    0.    0.  ]
 [ 0.5   1.   -0.3   0.    0.    0.    0.    0.    0.   -0.25 -1.    0.    0.
   0.    0.    0.    0.    0.    0.    0.  ]
 [ 1.2   0.    0.    0.    0.    0.    0.    0.    0.    0.    0.    0.    0.
   0.    0.    0.    0.    0.    0.    0.  ]]

 Estimated hermite:  [[-0.03413678 -0.08543006  3.9961241  -0.02097905  0.          0.
  -0.09576178  0.          0.          0.         -0.15548197  0.02323644
   0.02308532  0.04844604  0.          0.          0.01808025  0.          0.
   0.        ]
 [ 0.4188575  -7.01423227 -1.91213854 -0.20889416 -0.52518063  0.24636516
   0.40239939 -0.55719399  0.45361476 -0.01428153 -9.58568885 -0.67495606
  -0.3654279  -0.18127638 -0.03472611 -0.07084908 -0.12444946  0.05826439
  -0.04108759  0.        ]
 [ 4.7294523  -0.01046507  0.07240718 -0.02119886  0.          0.
  -0.09137824  0.         -0.01252298  0.         -0.05073129  0.05085816
   0.02723408  0.0736197   0.          0.          0.0167047   0.          0.
   0.        ]] 
 True hermite:  [[ 0.          0.          3.96857782  0.          0.          0.          0.
   0.          0.          0.          0.          0.          0.          0.
   0.          0.          0.          0.          0.          0.        ]
 [ 0.99214446 -7.93715565 -1.19057335  0.          0.          0.          0.
   0.          0.         -1.40310415 -9.72099067  0.          0.          0.
   0.          0.          0.          0.          0.          0.        ]
 [ 4.76229339  0.          0.          0.          0.          0.          0.
   0.          0.          0.          0.          0.          0.          0.
   0.          0.          0.          0.          0.          0.        ]]


