My SLURM_ARRAY_TASK_ID:  5
Data shape: (5, 101, 3)
Theta shape: (20, 3)
Theta: [[ 0.363555    0.26836756  0.14618933]
 [ 0.12352892  0.4895109   0.16791949]
 [ 0.09819418  0.18751777  0.43128597]
 [ 0.31885885  0.4316041   0.14535615]
 [ 0.42163377  0.23714086  0.46159809]
 [ 0.10633033  0.39667048  0.04763898]
 [ 0.19643387  0.14787894  0.01780531]
 [ 0.48562726  0.34727604  0.07315462]
 [ 0.17913461  0.47062346  0.06523456]
 [ 0.39917155  0.27209607  0.02141395]
 [ 0.40840542  0.46927472  0.13043978]
 [ 0.48062284  0.08260059  0.17775258]
 [ 0.49447192  0.10883291  0.23188712]
 [ 0.20140997  0.27596993  0.03097197]
 [ 0.0178117   0.03539998  0.15207959]
 [ 0.15408983  0.32067617  0.26529448]
 [ 0.0047095   0.39824873  0.17284565]
 [ 0.42512538  0.318668    0.14743073]
 [ 0.30757792  0.49280318  0.47084279]
 [ 0.41551683  0.02549848  0.0976035 ]]
1
48.6043033768
[[-0.10109701  0.42536212  4.65092555]
 [-0.12203937 -7.76569266 -0.04471337]
 [ 4.16530971 -3.05959642  0.22536741]
 [ 0.         -0.11077859  0.        ]
 [ 0.01327286 -1.29776755  0.02389676]
 [-0.05053033 -0.23539751 -0.05140541]
 [-0.14251282  1.05688619 -0.15978167]
 [ 0.01963978 -0.33827719  0.02163969]
 [ 0.          0.62145594  0.        ]
 [ 0.         -0.04250728  0.        ]
 [-0.14168257 -9.73538953 -0.04664575]
 [ 0.06822884 -0.78866474  0.07473313]
 [ 0.05905301 -0.45582933  0.06301908]
 [ 0.19809819 -0.87442289  0.20137441]
 [ 0.          0.04116481  0.        ]
 [ 0.          0.01178822  0.        ]
 [ 0.02205419 -0.20998768  0.02479819]
 [ 0.          0.04044812  0.        ]
 [ 0.         -0.05348851  0.        ]
 [ 0.          0.          0.        ]]
2
0.362336740151
[[-0.10104978  0.43544174  4.65699634]
 [-0.13679524 -7.79034894 -0.03635361]
 [ 4.16559584 -3.08718591  0.23840186]
 [ 0.         -0.11125991  0.        ]
 [ 0.01868411 -1.29267054  0.02425596]
 [-0.0538078  -0.23819538 -0.05100596]
 [-0.15372591  1.07003546 -0.16049423]
 [ 0.02072671 -0.34285995  0.02037127]
 [ 0.          0.62449178 -0.01012102]
 [ 0.         -0.04285248  0.        ]
 [-0.15298529 -9.77786132 -0.04227823]
 [ 0.04990914 -0.78744909  0.07499525]
 [ 0.05488339 -0.44294901  0.06617525]
 [ 0.19327336 -0.8891704   0.21701417]
 [ 0.          0.04180481  0.        ]
 [ 0.          0.01252617  0.        ]
 [ 0.02416305 -0.21161865  0.02539288]
 [ 0.          0.04113356  0.        ]
 [ 0.         -0.05357347  0.        ]
 [ 0.          0.          0.        ]]
3
Finished successfully! number of iterations:  3
0.072703023321
[[-0.10129837  0.43426937  4.65706697]
 [-0.13773656 -7.79025271 -0.03623578]
 [ 4.16549354 -3.08398884  0.23958989]
 [ 0.         -0.11087693  0.        ]
 [ 0.01847885 -1.2924845   0.02451781]
 [-0.05364485 -0.2380501  -0.05125877]
 [-0.15272287  1.06886498 -0.16085683]
 [ 0.02096091 -0.34276643  0.02038847]
 [ 0.          0.62424154 -0.01035128]
 [ 0.         -0.04290046  0.        ]
 [-0.15319521 -9.77751997 -0.04200989]
 [ 0.04970199 -0.7867854   0.07528691]
 [ 0.05475379 -0.4426142   0.06618993]
 [ 0.19357918 -0.88679556  0.21760429]
 [ 0.          0.04174866  0.        ]
 [ 0.          0.01250485  0.        ]
 [ 0.02398763 -0.21140144  0.02544105]
 [ 0.          0.04112356  0.        ]
 [ 0.         -0.05355152  0.        ]
 [ 0.          0.          0.        ]]
Time taken for 3Dd num time series exp:  19.37982177734375 , number of time series:  5
Avg AR burnin:  0.223 , Avg AR sampling:  0.0433666666667

 Estimated ordinary:  [[-0.00160599  0.00281504  0.98102242 -0.00427403  0.00329249 -0.0135174
  -0.02721161  0.00528172  0.          0.         -0.01575922  0.00885572
   0.00975583  0.01991352  0.          0.          0.00427403  0.          0.
   0.        ]
 [ 0.15691451  1.1259982  -0.35369915  0.00228941 -0.23029019 -0.05998373
   0.19044648 -0.08637009  0.15729603 -0.00764385 -1.00581518 -0.14018656
  -0.07886339 -0.09122481  0.00743863  0.00315096 -0.03766674  0.00732725
  -0.00954162  0.        ]
 [ 1.1977775  -0.00795946 -0.0201976  -0.00453299  0.00436849 -0.01291616
  -0.02866089  0.00513747 -0.00260831  0.         -0.00432156  0.01341435
   0.01179348  0.02238499  0.          0.          0.00453299  0.          0.
   0.        ]] 
 True ordinary:  [[ 0.    0.    1.    0.    0.    0.    0.    0.    0.    0.    0.    0.    0.
   0.    0.    0.    0.    0.    0.    0.  ]
 [ 0.5   1.   -0.3   0.    0.    0.    0.    0.    0.   -0.25 -1.    0.    0.
   0.    0.    0.    0.    0.    0.    0.  ]
 [ 1.2   0.    0.    0.    0.    0.    0.    0.    0.    0.    0.    0.    0.
   0.    0.    0.    0.    0.    0.    0.  ]]

 Estimated hermite:  [[-0.10129837 -0.13773656  4.16549354  0.          0.01847885 -0.05364485
  -0.15272287  0.02096091  0.          0.         -0.15319521  0.04970199
   0.05475379  0.19357918  0.          0.          0.02398763  0.          0.
   0.        ]
 [ 0.43426937 -7.79025271 -3.08398884 -0.11087693 -1.2924845  -0.2380501
   1.06886498 -0.34276643  0.62424154 -0.04290046 -9.77751997 -0.7867854
  -0.4426142  -0.88679556  0.04174866  0.01250485 -0.21140144  0.04112356
  -0.05355152  0.        ]
 [ 4.65706697 -0.03623578  0.23958989  0.          0.02451781 -0.05125877
  -0.16085683  0.02038847 -0.01035128  0.         -0.04200989  0.07528691
   0.06618993  0.21760429  0.          0.          0.02544105  0.          0.
   0.        ]] 
 True hermite:  [[ 0.          0.          3.96857782  0.          0.          0.          0.
   0.          0.          0.          0.          0.          0.          0.
   0.          0.          0.          0.          0.          0.        ]
 [ 0.99214446 -7.93715565 -1.19057335  0.          0.          0.          0.
   0.          0.         -1.40310415 -9.72099067  0.          0.          0.
   0.          0.          0.          0.          0.          0.        ]
 [ 4.76229339  0.          0.          0.          0.          0.          0.
   0.          0.          0.          0.          0.          0.          0.
   0.          0.          0.          0.          0.          0.        ]]


