My SLURM_ARRAY_TASK_ID:  3
Data shape: (3, 101, 3)
Theta shape: (20, 3)
Theta: [[  1.54125518e-01   2.50115105e-01   4.90893920e-01]
 [  2.99598695e-01   3.73692621e-01   5.16884016e-02]
 [  1.05439733e-01   9.81469820e-02   3.06652757e-01]
 [  1.41402288e-01   2.45636353e-01   4.22836665e-01]
 [  8.80963116e-02   2.51619864e-01   2.97229957e-01]
 [  9.12984275e-02   2.30691500e-01   3.07932339e-01]
 [  2.69984024e-01   3.73800310e-01   1.98442579e-02]
 [  8.25410105e-02   4.25188213e-01   4.91641966e-01]
 [  2.18484938e-01   2.88564271e-01   1.61643330e-01]
 [  4.39124160e-01   2.15940854e-01   2.89139588e-01]
 [  1.61887962e-01   4.69810263e-02   1.58128051e-01]
 [  4.98072675e-01   3.45646209e-01   2.91230997e-01]
 [  5.33367419e-02   4.37692030e-01   2.26318143e-01]
 [  3.67673939e-01   1.08425029e-01   3.07225769e-01]
 [  2.53156063e-01   4.78685809e-01   4.00908660e-01]
 [  1.04168153e-01   4.16669629e-02   2.06106847e-01]
 [  4.59372712e-01   2.25068688e-04   2.80968347e-01]
 [  2.20329753e-01   2.10553120e-01   3.39208356e-01]
 [  1.03174976e-01   2.15035704e-01   4.33850858e-01]
 [  1.47240271e-01   2.16045613e-01   1.31385377e-01]]
1
44.7156003756
[[-0.03565896  0.39587739  4.71563084]
 [-0.0754055  -5.97821502  0.        ]
 [ 3.99265507 -3.0009713   0.05919883]
 [ 0.         -0.15468184  0.        ]
 [ 0.         -1.92471657  0.01170162]
 [-0.08182115 -0.10929    -0.08478347]
 [-0.05542815  0.32437797 -0.06548323]
 [ 0.         -0.89363444  0.        ]
 [ 0.04021278  0.50075274  0.03094758]
 [ 0.         -0.06180769  0.        ]
 [-0.14564674 -9.00568273 -0.04423402]
 [ 0.04361559 -0.74831379  0.04829662]
 [ 0.03663215 -0.06105624  0.04252271]
 [ 0.13042674 -1.23825951  0.13355656]
 [ 0.          0.18832138  0.        ]
 [ 0.          0.01063352  0.        ]
 [ 0.          0.06411039  0.        ]
 [ 0.          0.10364148  0.        ]
 [ 0.         -0.04183766  0.        ]
 [ 0.          0.01512274  0.        ]]
2
0.512127547395
[[-0.04547008  0.4090373   4.72658357]
 [-0.08041565 -5.97640186 -0.01408721]
 [ 3.95244224 -3.04984568  0.06823072]
 [ 0.         -0.15868553  0.        ]
 [-0.01219516 -1.92791904  0.01032002]
 [-0.0757968  -0.10417068 -0.0926435 ]
 [-0.06558468  0.31748236 -0.05435976]
 [ 0.         -0.90043217  0.        ]
 [ 0.04221328  0.51207105  0.03431562]
 [ 0.         -0.06087994  0.        ]
 [-0.15408988 -9.04560584 -0.05409875]
 [ 0.0204176  -0.75196676  0.05802236]
 [ 0.03741659 -0.04515689  0.03790452]
 [ 0.08192533 -1.25586975  0.15128629]
 [ 0.          0.18998364  0.        ]
 [ 0.          0.01047509  0.        ]
 [ 0.          0.06537283  0.        ]
 [ 0.          0.10414478  0.        ]
 [ 0.         -0.04306833  0.        ]
 [ 0.          0.01504125  0.        ]]
3
Finished successfully! number of iterations:  3
0.0686314833042
[[-0.04551015  0.40912069  4.72625833]
 [-0.08063186 -5.97633416 -0.01370907]
 [ 3.95255187 -3.0501376   0.06877649]
 [ 0.         -0.15874027  0.        ]
 [-0.01211478 -1.9279197   0.01017568]
 [-0.07579224 -0.10432321 -0.09258073]
 [-0.06586773  0.31726239 -0.05421797]
 [ 0.         -0.90050237  0.        ]
 [ 0.04212609  0.51198999  0.03438422]
 [ 0.         -0.06086762  0.        ]
 [-0.15432073 -9.04571519 -0.05365908]
 [ 0.02045034 -0.75188021  0.05786425]
 [ 0.03737173 -0.04510578  0.03806878]
 [ 0.08179925 -1.25650107  0.15215514]
 [ 0.          0.18998673  0.        ]
 [ 0.          0.01050007  0.        ]
 [ 0.          0.06539432  0.        ]
 [ 0.          0.10415375  0.        ]
 [ 0.         -0.04305964  0.        ]
 [ 0.          0.01504042  0.        ]]
Time taken for 3Dd num time series exp:  11.756887674331665 , number of time series:  3
Avg AR burnin:  0.213555555556 , Avg AR sampling:  0.0506333333333

 Estimated ordinary:  [[ 0.00242702  0.02064867  0.96707391  0.         -0.00215857 -0.01909809
  -0.01173607  0.          0.01061491  0.         -0.015875    0.00364377
   0.00665876  0.0084147   0.          0.          0.          0.          0.
   0.        ]
 [ 0.40091624  1.27516862 -0.239163   -0.09014378 -0.34350973 -0.0262873
   0.05652866 -0.22690808  0.12901095 -0.01084517 -0.93053429 -0.13396728
  -0.00803678 -0.12925648  0.03385115  0.0026458   0.01165172  0.01855774
  -0.00767221  0.00154721]
 [ 1.1987672   0.0063224  -0.03993646  0.          0.00181307 -0.02332844
  -0.00966036  0.          0.00866412  0.         -0.00551992  0.01031004
   0.00678296  0.01565223  0.          0.          0.          0.          0.
   0.        ]] 
 True ordinary:  [[ 0.    0.    1.    0.    0.    0.    0.    0.    0.    0.    0.    0.    0.
   0.    0.    0.    0.    0.    0.    0.  ]
 [ 0.5   1.   -0.3   0.    0.    0.    0.    0.    0.   -0.25 -1.    0.    0.
   0.    0.    0.    0.    0.    0.    0.  ]
 [ 1.2   0.    0.    0.    0.    0.    0.    0.    0.    0.    0.    0.    0.
   0.    0.    0.    0.    0.    0.    0.  ]]

 Estimated hermite:  [[-0.04551015 -0.08063186  3.95255187  0.         -0.01211478 -0.07579224
  -0.06586773  0.          0.04212609  0.         -0.15432073  0.02045034
   0.03737173  0.08179925  0.          0.          0.          0.          0.
   0.        ]
 [ 0.40912069 -5.97633416 -3.0501376  -0.15874027 -1.9279197  -0.10432321
   0.31726239 -0.90050237  0.51198999 -0.06086762 -9.04571519 -0.75188021
  -0.04510578 -1.25650107  0.18998673  0.01050007  0.06539432  0.10415375
  -0.04305964  0.01504042]
 [ 4.72625833 -0.01370907  0.06877649  0.          0.01017568 -0.09258073
  -0.05421797  0.          0.03438422  0.         -0.05365908  0.05786425
   0.03806878  0.15215514  0.          0.          0.          0.          0.
   0.        ]] 
 True hermite:  [[ 0.          0.          3.96857782  0.          0.          0.          0.
   0.          0.          0.          0.          0.          0.          0.
   0.          0.          0.          0.          0.          0.        ]
 [ 0.99214446 -7.93715565 -1.19057335  0.          0.          0.          0.
   0.          0.         -1.40310415 -9.72099067  0.          0.          0.
   0.          0.          0.          0.          0.          0.        ]
 [ 4.76229339  0.          0.          0.          0.          0.          0.
   0.          0.          0.          0.          0.          0.          0.
   0.          0.          0.          0.          0.          0.        ]]


