My SLURM_ARRAY_TASK_ID:  1
Data shape: (10, 51, 3)
Theta shape: (20, 3)
Theta: [[ 0.4399066   0.02360689  0.23502317]
 [ 0.27600897  0.0844298   0.20306079]
 [ 0.43044357  0.02679511  0.26567461]
 [ 0.04576388  0.45745441  0.07178958]
 [ 0.32588849  0.38342239  0.39667114]
 [ 0.35003228  0.41794854  0.14517671]
 [ 0.02473174  0.20457371  0.31194358]
 [ 0.22310825  0.30288203  0.43490668]
 [ 0.3732654   0.40271875  0.42680017]
 [ 0.41975656  0.2832218   0.4117023 ]
 [ 0.32110585  0.05547334  0.00841706]
 [ 0.10666967  0.1122284   0.36805584]
 [ 0.41535682  0.02711281  0.15377009]
 [ 0.24509375  0.0131205   0.1430795 ]
 [ 0.16506787  0.27725105  0.13201108]
 [ 0.18031151  0.2760776   0.26554529]
 [ 0.23348893  0.18170942  0.31780861]
 [ 0.26874252  0.11553943  0.2677654 ]
 [ 0.04319347  0.27074039  0.30784998]
 [ 0.45972258  0.23220358  0.11292046]]
1
47.7449866384
[[ 0.1356911   1.06859528  4.7916326 ]
 [-0.77797092 -7.89164011  0.01927599]
 [ 3.82504729 -2.16912298  0.04498522]
 [-0.07452522 -0.54553859 -0.01947905]
 [ 0.01485038  0.30972038 -0.01291331]
 [-0.0362205  -0.20535948 -0.01541694]
 [ 0.06889141  0.56307991  0.01583973]
 [-0.01883103 -0.21218958  0.        ]
 [ 0.01630374  0.21557429  0.        ]
 [ 0.01457437  0.09204273  0.        ]
 [-0.97019323 -9.52912465  0.        ]
 [-0.10682677 -1.64590298  0.        ]
 [-0.05989472 -0.91043789  0.0158123 ]
 [ 0.034081   -0.31403187  0.05626413]
 [-0.01218191 -0.12832117  0.        ]
 [ 0.          0.          0.        ]
 [ 0.         -0.10826085  0.        ]
 [ 0.          0.01879056  0.        ]
 [ 0.         -0.01482626  0.        ]
 [ 0.          0.          0.        ]]
2
Finished successfully! number of iterations:  2
0.0610266684007
[[ 0.1356911   1.06859528  4.7916326 ]
 [-0.77797092 -7.89164011  0.01927599]
 [ 3.82504729 -2.16912298  0.04498522]
 [-0.07452522 -0.54553859 -0.01947905]
 [ 0.01485038  0.30972038 -0.01291331]
 [-0.0362205  -0.20535948 -0.01541694]
 [ 0.06889141  0.56307991  0.01583973]
 [-0.01883103 -0.21218958  0.        ]
 [ 0.01630374  0.21557429  0.        ]
 [ 0.01457437  0.09204273  0.        ]
 [-0.97019323 -9.52912465  0.        ]
 [-0.10682677 -1.64590298  0.        ]
 [-0.05989472 -0.91043789  0.0158123 ]
 [ 0.034081   -0.31403187  0.05626413]
 [-0.01218191 -0.12832117  0.        ]
 [ 0.          0.          0.        ]
 [ 0.         -0.10826085  0.        ]
 [ 0.          0.01879056  0.        ]
 [ 0.         -0.01482626  0.        ]
 [ 0.          0.          0.        ]]
Time taken for 3Dd intervals exp:  13.014973878860474 , number of intervals:  1
Avg AR burnin:  1.0 , Avg AR sampling:  1.0

 Estimated ordinary:  [[ 0.01667375  0.11405099  0.97234951 -0.01660829  0.00264599 -0.00912682
   0.01227482 -0.00474503  0.00410821  0.00259681 -0.09980395 -0.01903401
  -0.01067182  0.00350592 -0.00217053  0.          0.          0.          0.
   0.        ]
 [ 0.09735181  1.11112759 -0.15375814 -0.09531118  0.05518485 -0.05174637
   0.10032753 -0.05346741  0.05432029  0.01639984 -0.98026271 -0.29326102
  -0.16221852 -0.03230451 -0.0228638   0.         -0.01928952  0.00334803
  -0.00264169  0.        ]
 [ 1.20687146  0.00203977 -0.00602835 -0.00490832 -0.00230085 -0.00388475
   0.00282227  0.          0.          0.          0.          0.
   0.00281738  0.0057879   0.          0.          0.          0.          0.
   0.        ]] 
 True ordinary:  [[ 0.    0.    1.    0.    0.    0.    0.    0.    0.    0.    0.    0.    0.
   0.    0.    0.    0.    0.    0.    0.  ]
 [ 0.5   1.   -0.3   0.    0.    0.    0.    0.    0.   -0.25 -1.    0.    0.
   0.    0.    0.    0.    0.    0.    0.  ]
 [ 1.2   0.    0.    0.    0.    0.    0.    0.    0.    0.    0.    0.    0.
   0.    0.    0.    0.    0.    0.    0.  ]]

 Estimated hermite:  [[ 0.1356911  -0.77797092  3.82504729 -0.07452522  0.01485038 -0.0362205
   0.06889141 -0.01883103  0.01630374  0.01457437 -0.97019323 -0.10682677
  -0.05989472  0.034081   -0.01218191  0.          0.          0.          0.
   0.        ]
 [ 1.06859528 -7.89164011 -2.16912298 -0.54553859  0.30972038 -0.20535948
   0.56307991 -0.21218958  0.21557429  0.09204273 -9.52912465 -1.64590298
  -0.91043789 -0.31403187 -0.12832117  0.         -0.10826085  0.01879056
  -0.01482626  0.        ]
 [ 4.7916326   0.01927599  0.04498522 -0.01947905 -0.01291331 -0.01541694
   0.01583973  0.          0.          0.          0.          0.
   0.0158123   0.05626413  0.          0.          0.          0.          0.
   0.        ]] 
 True hermite:  [[ 0.          0.          3.96857782  0.          0.          0.          0.
   0.          0.          0.          0.          0.          0.          0.
   0.          0.          0.          0.          0.          0.        ]
 [ 0.99214446 -7.93715565 -1.19057335  0.          0.          0.          0.
   0.          0.         -1.40310415 -9.72099067  0.          0.          0.
   0.          0.          0.          0.          0.          0.        ]
 [ 4.76229339  0.          0.          0.          0.          0.          0.
   0.          0.          0.          0.          0.          0.          0.
   0.          0.          0.          0.          0.          0.        ]]


