My SLURM_ARRAY_TASK_ID:  5
Data shape: (10, 51, 3)
Theta shape: (20, 3)
Theta: [[ 0.24062065  0.32676341  0.38008687]
 [ 0.17608693  0.42870786  0.06416226]
 [ 0.21038746  0.28697208  0.46309884]
 [ 0.15267567  0.46442741  0.21083022]
 [ 0.33602176  0.00730191  0.27940791]
 [ 0.37626667  0.13176706  0.19031971]
 [ 0.02889357  0.02005387  0.25814541]
 [ 0.2587443   0.49906752  0.21433068]
 [ 0.16069045  0.09193488  0.13140674]
 [ 0.44753156  0.21686763  0.37197336]
 [ 0.09168709  0.21543236  0.05088609]
 [ 0.38633026  0.33791516  0.32316439]
 [ 0.05145811  0.13304528  0.16621462]
 [ 0.15504573  0.10425664  0.3044994 ]
 [ 0.18910291  0.31564575  0.28047562]
 [ 0.2522252   0.15989846  0.32626593]
 [ 0.02109003  0.38673517  0.43094144]
 [ 0.16436603  0.18672772  0.30972423]
 [ 0.31642022  0.1626943   0.1893694 ]
 [ 0.26667921  0.01554053  0.37295866]]
1
45.4891296071
[[ 0.06439403  1.15956324  4.78556536]
 [-0.16446362 -8.12887559  0.02658123]
 [ 3.97018087 -1.66339564  0.04336736]
 [-0.03575255 -0.59469487 -0.01533221]
 [ 0.          0.23238293 -0.01400414]
 [ 0.         -0.2215729  -0.01672142]
 [ 0.02858347  0.61304584  0.01978245]
 [ 0.         -0.19793477  0.        ]
 [ 0.          0.26413613  0.        ]
 [ 0.          0.09860968  0.        ]
 [-0.20630865 -9.86430676  0.        ]
 [ 0.         -0.48808936  0.01097535]
 [ 0.         -0.68035126  0.02423027]
 [ 0.05584985 -0.29231392  0.04930243]
 [ 0.         -0.13139514  0.        ]
 [ 0.          0.          0.        ]
 [ 0.         -0.13081225  0.        ]
 [ 0.          0.01798357  0.        ]
 [ 0.         -0.01842199  0.        ]
 [ 0.          0.          0.        ]]
2
0.413529809415
[[ 0.06815082  1.16483816  4.79300456]
 [-0.17187879 -8.16735074  0.02169815]
 [ 3.94755461 -1.69337611  0.04144446]
 [-0.03747082 -0.593543   -0.01848392]
 [ 0.01022547  0.23469507 -0.01259455]
 [ 0.         -0.22426344  0.        ]
 [ 0.0445981   0.61436364  0.01945963]
 [ 0.         -0.20273599  0.        ]
 [ 0.          0.26814706  0.        ]
 [ 0.          0.09828609  0.        ]
 [-0.21129321 -9.92564986  0.        ]
 [-0.027393   -0.48899349  0.        ]
 [ 0.         -0.67277984  0.02152352]
 [ 0.02918591 -0.31517766  0.05546331]
 [ 0.         -0.12899327  0.        ]
 [ 0.          0.          0.        ]
 [ 0.         -0.13133246  0.        ]
 [ 0.          0.01846051  0.        ]
 [ 0.         -0.01884277  0.        ]
 [ 0.          0.          0.        ]]
3
Finished successfully! number of iterations:  3
0.0941530739285
[[ 0.0678784   1.16455607  4.79313961]
 [-0.17166316 -8.16704515  0.02125772]
 [ 3.94803619 -1.69316644  0.04133721]
 [-0.03729198 -0.59342188 -0.01849649]
 [ 0.01044807  0.23462483 -0.01245247]
 [ 0.         -0.22481174  0.        ]
 [ 0.04410901  0.61403874  0.02009954]
 [ 0.         -0.20272821  0.        ]
 [ 0.          0.26824638  0.        ]
 [ 0.          0.09824278  0.        ]
 [-0.21155944 -9.92517996  0.        ]
 [-0.02712695 -0.48890431  0.        ]
 [ 0.         -0.67242863  0.02101791]
 [ 0.03004473 -0.31489995  0.05555726]
 [ 0.         -0.12901608  0.        ]
 [ 0.          0.          0.        ]
 [ 0.         -0.13124888  0.        ]
 [ 0.          0.0184631   0.        ]
 [ 0.         -0.01885355  0.        ]
 [ 0.          0.          0.        ]]
Time taken for 3Dd intervals exp:  19.372387409210205 , number of intervals:  5
Avg AR burnin:  0.211666666667 , Avg AR sampling:  0.02742

 Estimated ordinary:  [[ 0.00738318  0.02203388  0.99038519 -0.00939681  0.0018616   0.
   0.00785918  0.          0.          0.         -0.02176316 -0.00483338
   0.          0.00309071  0.          0.          0.          0.          0.
   0.        ]
 [ 0.12472785  1.12160874 -0.23899124 -0.10315705  0.0418046  -0.05664794
   0.10940719 -0.05108334  0.06759257  0.01750454 -1.02100499 -0.08711119
  -0.11981089 -0.03239381 -0.02298762  0.         -0.02338545  0.00328969
  -0.00335926  0.        ]
 [ 1.20641009  0.00161161 -0.00672943 -0.00466073 -0.00221874  0.
   0.00358126  0.          0.          0.          0.          0.
   0.00374489  0.00571518  0.          0.          0.          0.          0.
   0.        ]] 
 True ordinary:  [[ 0.    0.    1.    0.    0.    0.    0.    0.    0.    0.    0.    0.    0.
   0.    0.    0.    0.    0.    0.    0.  ]
 [ 0.5   1.   -0.3   0.    0.    0.    0.    0.    0.   -0.25 -1.    0.    0.
   0.    0.    0.    0.    0.    0.    0.  ]
 [ 1.2   0.    0.    0.    0.    0.    0.    0.    0.    0.    0.    0.    0.
   0.    0.    0.    0.    0.    0.    0.  ]]

 Estimated hermite:  [[ 0.0678784  -0.17166316  3.94803619 -0.03729198  0.01044807  0.
   0.04410901  0.          0.          0.         -0.21155944 -0.02712695
   0.          0.03004473  0.          0.          0.          0.          0.
   0.        ]
 [ 1.16455607 -8.16704515 -1.69316644 -0.59342188  0.23462483 -0.22481174
   0.61403874 -0.20272821  0.26824638  0.09824278 -9.92517996 -0.48890431
  -0.67242863 -0.31489995 -0.12901608  0.         -0.13124888  0.0184631
  -0.01885355  0.        ]
 [ 4.79313961  0.02125772  0.04133721 -0.01849649 -0.01245247  0.
   0.02009954  0.          0.          0.          0.          0.
   0.02101791  0.05555726  0.          0.          0.          0.          0.
   0.        ]] 
 True hermite:  [[ 0.          0.          3.96857782  0.          0.          0.          0.
   0.          0.          0.          0.          0.          0.          0.
   0.          0.          0.          0.          0.          0.        ]
 [ 0.99214446 -7.93715565 -1.19057335  0.          0.          0.          0.
   0.          0.         -1.40310415 -9.72099067  0.          0.          0.
   0.          0.          0.          0.          0.          0.        ]
 [ 4.76229339  0.          0.          0.          0.          0.          0.
   0.          0.          0.          0.          0.          0.          0.
   0.          0.          0.          0.          0.          0.        ]]


