My SLURM_ARRAY_TASK_ID:  6
Data shape: (10, 51, 3)
Theta shape: (20, 3)
Theta: [[ 0.23678166  0.37451986  0.01683225]
 [ 0.19170803  0.13500805  0.46075444]
 [ 0.41472137  0.39124579  0.19119196]
 [ 0.46621507  0.18609378  0.07941036]
 [ 0.127555    0.34019503  0.26838653]
 [ 0.09172739  0.43139685  0.20550959]
 [ 0.06424089  0.40015483  0.26199881]
 [ 0.11302565  0.31237506  0.42268594]
 [ 0.09550348  0.4157161   0.176733  ]
 [ 0.49033521  0.04059687  0.41603768]
 [ 0.16117958  0.41647292  0.23555244]
 [ 0.22280566  0.47982851  0.16184765]
 [ 0.38223003  0.36222203  0.25613585]
 [ 0.05525524  0.44160387  0.07651052]
 [ 0.10179359  0.11209746  0.27189774]
 [ 0.45434336  0.23695963  0.05810299]
 [ 0.26635433  0.41518493  0.09945879]
 [ 0.07794343  0.44536309  0.32068091]
 [ 0.40255072  0.00799278  0.38952863]
 [ 0.03467329  0.46064355  0.35057972]]
1
45.6370949083
[[ 0.06678878  1.1696688   4.78566527]
 [-0.13071439 -8.13313963  0.02800341]
 [ 3.9768941  -1.64276038  0.05086918]
 [-0.03751702 -0.59724824 -0.01640817]
 [ 0.          0.23596009 -0.01074114]
 [ 0.         -0.2311193  -0.01806127]
 [ 0.02406297  0.60849048  0.01273294]
 [ 0.         -0.19862207  0.        ]
 [ 0.          0.26683706  0.        ]
 [ 0.          0.09862845  0.        ]
 [-0.16955075 -9.8726592   0.        ]
 [ 0.         -0.44065625  0.0125636 ]
 [ 0.         -0.68711087  0.02124898]
 [ 0.05928444 -0.29016066  0.05652969]
 [ 0.         -0.13185948  0.        ]
 [ 0.          0.          0.        ]
 [ 0.         -0.13087758  0.        ]
 [ 0.          0.01807777  0.        ]
 [ 0.         -0.01860409  0.        ]
 [ 0.          0.          0.        ]]
2
0.456145440057
[[ 0.06558118  1.17667147  4.79095527]
 [-0.14352465 -8.17884853  0.02656456]
 [ 3.95615764 -1.67339808  0.04596971]
 [-0.03588972 -0.59620678 -0.01781408]
 [ 0.          0.25085836 -0.01365458]
 [ 0.         -0.21926644 -0.01492887]
 [ 0.04187069  0.62243667  0.01401856]
 [ 0.         -0.20150811  0.        ]
 [ 0.          0.26975439  0.        ]
 [ 0.          0.09860449  0.        ]
 [-0.17454209 -9.93627144  0.        ]
 [-0.02315944 -0.43605922  0.0149221 ]
 [ 0.         -0.67478981  0.02314803]
 [ 0.03493317 -0.31728467  0.05372426]
 [ 0.         -0.13127146  0.        ]
 [ 0.          0.          0.        ]
 [ 0.         -0.13294175  0.        ]
 [ 0.          0.01830337  0.        ]
 [ 0.         -0.01893524  0.        ]
 [ 0.          0.          0.        ]]
3
Finished successfully! number of iterations:  3
0.0922478120945
[[ 0.06570267  1.17641747  4.79070261]
 [-0.14382422 -8.17814868  0.02690328]
 [ 3.95629959 -1.67305557  0.04650348]
 [-0.03599938 -0.59614004 -0.01772039]
 [ 0.          0.25022309 -0.01381789]
 [ 0.         -0.21878885 -0.01523889]
 [ 0.04166035  0.62142408  0.01374582]
 [ 0.         -0.20125657  0.        ]
 [ 0.          0.26986826  0.        ]
 [ 0.          0.09862376  0.        ]
 [-0.1745473  -9.93520632  0.        ]
 [-0.02373956 -0.4360488   0.01578861]
 [ 0.         -0.67344275  0.02305994]
 [ 0.03552897 -0.31655673  0.05385623]
 [ 0.         -0.13116514  0.        ]
 [ 0.          0.          0.        ]
 [ 0.         -0.13267012  0.        ]
 [ 0.          0.01827386  0.        ]
 [ 0.         -0.01894561  0.        ]
 [ 0.          0.          0.        ]]
Time taken for 3Dd intervals exp:  20.461321353912354 , number of intervals:  6
Avg AR burnin:  0.202 , Avg AR sampling:  0.0254066666667

 Estimated ordinary:  [[ 0.00913283  0.01762639  0.99017135 -0.0090711   0.          0.
   0.00742289  0.          0.          0.         -0.01795571 -0.00422983
   0.          0.00365487  0.          0.          0.          0.          0.
   0.        ]
 [ 0.12355366  1.12211953 -0.24281361 -0.10320582  0.04458384 -0.05513029
   0.11072309 -0.05071252  0.06800125  0.01757242 -1.0220364  -0.07769359
  -0.11999158 -0.03256425 -0.02337053  0.         -0.02363868  0.00325597
  -0.00337566  0.        ]
 [ 1.20717138  0.00267034 -0.00771584 -0.00446518 -0.00246202 -0.00383989
   0.00244918  0.          0.          0.          0.          0.00281316
   0.00410874  0.0055402   0.          0.          0.          0.          0.
   0.        ]] 
 True ordinary:  [[ 0.    0.    1.    0.    0.    0.    0.    0.    0.    0.    0.    0.    0.
   0.    0.    0.    0.    0.    0.    0.  ]
 [ 0.5   1.   -0.3   0.    0.    0.    0.    0.    0.   -0.25 -1.    0.    0.
   0.    0.    0.    0.    0.    0.    0.  ]
 [ 1.2   0.    0.    0.    0.    0.    0.    0.    0.    0.    0.    0.    0.
   0.    0.    0.    0.    0.    0.    0.  ]]

 Estimated hermite:  [[ 0.06570267 -0.14382422  3.95629959 -0.03599938  0.          0.
   0.04166035  0.          0.          0.         -0.1745473  -0.02373956
   0.          0.03552897  0.          0.          0.          0.          0.
   0.        ]
 [ 1.17641747 -8.17814868 -1.67305557 -0.59614004  0.25022309 -0.21878885
   0.62142408 -0.20125657  0.26986826  0.09862376 -9.93520632 -0.4360488
  -0.67344275 -0.31655673 -0.13116514  0.         -0.13267012  0.01827386
  -0.01894561  0.        ]
 [ 4.79070261  0.02690328  0.04650348 -0.01772039 -0.01381789 -0.01523889
   0.01374582  0.          0.          0.          0.          0.01578861
   0.02305994  0.05385623  0.          0.          0.          0.          0.
   0.        ]] 
 True hermite:  [[ 0.          0.          3.96857782  0.          0.          0.          0.
   0.          0.          0.          0.          0.          0.          0.
   0.          0.          0.          0.          0.          0.        ]
 [ 0.99214446 -7.93715565 -1.19057335  0.          0.          0.          0.
   0.          0.         -1.40310415 -9.72099067  0.          0.          0.
   0.          0.          0.          0.          0.          0.        ]
 [ 4.76229339  0.          0.          0.          0.          0.          0.
   0.          0.          0.          0.          0.          0.          0.
   0.          0.          0.          0.          0.          0.        ]]


