My SLURM_ARRAY_TASK_ID:  4
Data shape: (10, 51, 3)
Theta shape: (20, 3)
Theta: [[  2.02630925e-01   2.84829878e-01   1.40150970e-01]
 [  2.98414047e-01   3.45716661e-01   1.56760404e-01]
 [  2.29264568e-01   3.30294178e-01   2.38771390e-01]
 [  2.07391954e-01   3.69804858e-01   3.83919964e-01]
 [  4.12650659e-01   3.63373736e-01   2.12602474e-01]
 [  4.27868626e-01   2.03883307e-01   3.92709432e-01]
 [  2.48092838e-01   4.73064093e-01   6.26765409e-02]
 [  2.73982180e-01   7.26906128e-06   6.39442965e-02]
 [  8.36346872e-02   4.52706092e-01   4.50497451e-01]
 [  5.23344763e-02   1.53416119e-01   4.03611550e-04]
 [  1.04366773e-02   4.82947761e-01   2.91918484e-01]
 [  2.64683662e-01   2.41839768e-01   3.14447744e-01]
 [  2.65393165e-01   4.26547850e-01   2.00950971e-01]
 [  2.26297634e-01   2.40096632e-01   1.40821362e-01]
 [  1.68214771e-01   2.55458398e-01   4.22251645e-01]
 [  3.73284966e-01   4.33650103e-01   4.04399247e-02]
 [  1.86988439e-01   3.99613173e-01   4.86454546e-02]
 [  2.32321830e-01   3.47017039e-01   4.03384600e-01]
 [  4.14604016e-01   4.18124401e-01   3.85266397e-01]
 [  2.66203896e-02   1.61566673e-01   1.97923660e-01]]
1
46.0986206309
[[ 0.06829841  1.17042153  4.79134173]
 [-0.20493983 -8.13383009  0.02309942]
 [ 3.96450619 -1.73272342  0.04770638]
 [-0.03890106 -0.59437963 -0.01976308]
 [ 0.          0.24312513  0.        ]
 [-0.01505687 -0.20969906 -0.01278542]
 [ 0.03937015  0.63487593  0.01280595]
 [ 0.         -0.19938907  0.        ]
 [ 0.          0.26493721  0.        ]
 [ 0.          0.09818971  0.        ]
 [-0.254621   -9.86783782  0.        ]
 [-0.01142569 -0.57424347  0.        ]
 [-0.01003002 -0.70831994  0.01991   ]
 [ 0.04737459 -0.31445899  0.06275263]
 [ 0.         -0.13255018  0.        ]
 [ 0.          0.          0.        ]
 [ 0.         -0.13303433  0.        ]
 [ 0.          0.01802445  0.        ]
 [ 0.         -0.01856975  0.        ]
 [ 0.          0.          0.        ]]
2
0.469398945249
[[ 0.07525949  1.16299077  4.78787526]
 [-0.21829124 -8.16216734  0.0314134 ]
 [ 3.93552544 -1.72992963  0.04838771]
 [-0.04082153 -0.59176524 -0.01676903]
 [ 0.          0.2508748  -0.01443538]
 [ 0.         -0.21810185 -0.01790294]
 [ 0.04993729  0.6079599   0.01384369]
 [ 0.         -0.20277136  0.        ]
 [ 0.          0.26353022  0.        ]
 [ 0.          0.09814495  0.        ]
 [-0.2642357  -9.91768787  0.01042615]
 [-0.03211573 -0.56612851  0.01427966]
 [-0.01157183 -0.68315006  0.02874861]
 [ 0.02860206 -0.32296202  0.05343185]
 [ 0.         -0.13079423  0.        ]
 [ 0.          0.          0.        ]
 [ 0.         -0.12953065  0.        ]
 [ 0.          0.01838452  0.        ]
 [ 0.         -0.01842999  0.        ]
 [ 0.          0.          0.        ]]
3
Finished successfully! number of iterations:  3
0.0927822062865
[[ 0.07535406  1.16314423  4.78799383]
 [-0.21840466 -8.16224457  0.03152691]
 [ 3.93494684 -1.73040108  0.04912793]
 [-0.04080465 -0.59150075 -0.01688247]
 [ 0.          0.250134   -0.01414072]
 [ 0.         -0.21772261 -0.01851721]
 [ 0.04990788  0.60953188  0.01360437]
 [ 0.         -0.2024634   0.        ]
 [ 0.          0.26363366  0.        ]
 [ 0.          0.09806369  0.        ]
 [-0.26410452 -9.91619756  0.01100391]
 [-0.03165438 -0.56762888  0.01494499]
 [-0.01141317 -0.68385485  0.02860412]
 [ 0.02778011 -0.32284991  0.0540167 ]
 [ 0.         -0.13061965  0.        ]
 [ 0.          0.          0.        ]
 [ 0.         -0.12976418  0.        ]
 [ 0.          0.01835149  0.        ]
 [ 0.         -0.0184588   0.        ]
 [ 0.          0.          0.        ]]
Time taken for 3Dd intervals exp:  19.666059255599976 , number of intervals:  4
Avg AR burnin:  0.225266666667 , Avg AR sampling:  0.0282

 Estimated ordinary:  [[  1.00952690e-02   2.85055082e-02   9.88592511e-01  -1.02819332e-02
    0.00000000e+00   0.00000000e+00   8.89240535e-03   0.00000000e+00
    0.00000000e+00   0.00000000e+00  -2.71684777e-02  -5.64006188e-03
   -2.03355725e-03   2.85774496e-03   0.00000000e+00   0.00000000e+00
    0.00000000e+00   0.00000000e+00   0.00000000e+00   0.00000000e+00]
 [  1.22443652e-01   1.12210209e+00  -2.31963637e-01  -1.02651778e-01
    4.45679682e-02  -5.48616208e-02   1.08604176e-01  -5.10166143e-02
    6.64302617e-02   1.74726314e-02  -1.02008097e+00  -1.01138051e-01
   -1.21846773e-01  -3.32116264e-02  -2.32733354e-02   0.00000000e+00
   -2.31209110e-02   3.26980172e-03  -3.28892117e-03   0.00000000e+00]
 [  1.20657155e+00  -5.48368054e-04  -6.95373677e-03  -4.25403608e-03
   -2.51954165e-03  -4.66595620e-03   2.42397786e-03   0.00000000e+00
    0.00000000e+00   0.00000000e+00   1.13197370e-03   2.66284406e-03
    5.09657894e-03   5.55670692e-03   0.00000000e+00   0.00000000e+00
    0.00000000e+00   0.00000000e+00   0.00000000e+00   0.00000000e+00]] 
 True ordinary:  [[ 0.    0.    1.    0.    0.    0.    0.    0.    0.    0.    0.    0.    0.
   0.    0.    0.    0.    0.    0.    0.  ]
 [ 0.5   1.   -0.3   0.    0.    0.    0.    0.    0.   -0.25 -1.    0.    0.
   0.    0.    0.    0.    0.    0.    0.  ]
 [ 1.2   0.    0.    0.    0.    0.    0.    0.    0.    0.    0.    0.    0.
   0.    0.    0.    0.    0.    0.    0.  ]]

 Estimated hermite:  [[ 0.07535406 -0.21840466  3.93494684 -0.04080465  0.          0.
   0.04990788  0.          0.          0.         -0.26410452 -0.03165438
  -0.01141317  0.02778011  0.          0.          0.          0.          0.
   0.        ]
 [ 1.16314423 -8.16224457 -1.73040108 -0.59150075  0.250134   -0.21772261
   0.60953188 -0.2024634   0.26363366  0.09806369 -9.91619756 -0.56762888
  -0.68385485 -0.32284991 -0.13061965  0.         -0.12976418  0.01835149
  -0.0184588   0.        ]
 [ 4.78799383  0.03152691  0.04912793 -0.01688247 -0.01414072 -0.01851721
   0.01360437  0.          0.          0.          0.01100391  0.01494499
   0.02860412  0.0540167   0.          0.          0.          0.          0.
   0.        ]] 
 True hermite:  [[ 0.          0.          3.96857782  0.          0.          0.          0.
   0.          0.          0.          0.          0.          0.          0.
   0.          0.          0.          0.          0.          0.        ]
 [ 0.99214446 -7.93715565 -1.19057335  0.          0.          0.          0.
   0.          0.         -1.40310415 -9.72099067  0.          0.          0.
   0.          0.          0.          0.          0.          0.        ]
 [ 4.76229339  0.          0.          0.          0.          0.          0.
   0.          0.          0.          0.          0.          0.          0.
   0.          0.          0.          0.          0.          0.        ]]


