My SLURM_ARRAY_TASK_ID:  7
Data shape: (10, 51, 3)
Theta shape: (20, 3)
Theta: [[ 0.48986054  0.29403066  0.30348739]
 [ 0.48151407  0.08425024  0.2923396 ]
 [ 0.34662855  0.38017584  0.44731242]
 [ 0.2871805   0.14424201  0.17104453]
 [ 0.09455227  0.16144405  0.19024123]
 [ 0.45939158  0.03756479  0.29247046]
 [ 0.44852395  0.18263602  0.10461755]
 [ 0.24900921  0.19279512  0.47199598]
 [ 0.06164445  0.42768123  0.04212836]
 [ 0.46817579  0.16585021  0.04239201]
 [ 0.0930905   0.42316807  0.31957367]
 [ 0.11199547  0.39160649  0.00824366]
 [ 0.12699396  0.44703516  0.39445148]
 [ 0.21526848  0.29639946  0.36804261]
 [ 0.3591659   0.43393291  0.25439711]
 [ 0.05087028  0.14423298  0.15616905]
 [ 0.30083618  0.29948725  0.07356855]
 [ 0.42204366  0.1821137   0.25711107]
 [ 0.1314598   0.02804744  0.32864244]
 [ 0.10696113  0.4583964   0.14562455]]
1
45.3433682019
[[ 0.05366159  1.17414907  4.78419011]
 [-0.11264902 -8.14532411  0.02497378]
 [ 3.98114175 -1.63118676  0.05025103]
 [-0.03087036 -0.60019445 -0.01580577]
 [ 0.          0.22279174 -0.01425752]
 [ 0.         -0.23228182 -0.01669502]
 [ 0.02861929  0.62118913  0.01235638]
 [ 0.         -0.20035863  0.        ]
 [ 0.          0.267373   -0.01026844]
 [ 0.          0.09946493  0.        ]
 [-0.14500979 -9.88697723  0.        ]
 [ 0.         -0.39287797  0.01046987]
 [ 0.01059586 -0.68262826  0.02217564]
 [ 0.05144542 -0.30050509  0.05476693]
 [ 0.         -0.12995003  0.        ]
 [ 0.          0.          0.        ]
 [ 0.         -0.13196738  0.        ]
 [ 0.          0.0183349   0.        ]
 [ 0.         -0.01863956  0.        ]
 [ 0.          0.          0.        ]]
2
0.364724589365
[[ 0.05749304  1.17538205  4.79014482]
 [-0.12052772 -8.17762256  0.02694229]
 [ 3.95807659 -1.64799575  0.0495009 ]
 [-0.03147725 -0.59775467 -0.01816741]
 [ 0.          0.23952142 -0.01550762]
 [ 0.         -0.22199113 -0.01513664]
 [ 0.03791222  0.61414399  0.01385825]
 [ 0.         -0.199762    0.        ]
 [ 0.          0.27084205  0.        ]
 [ 0.          0.09898768  0.        ]
 [-0.14870098 -9.93633636  0.        ]
 [-0.02504003 -0.39804608  0.01201818]
 [ 0.         -0.65883146  0.02501693]
 [ 0.03376933 -0.30671404  0.05815941]
 [ 0.         -0.13060115  0.        ]
 [ 0.          0.          0.        ]
 [ 0.         -0.1320792   0.        ]
 [ 0.          0.01813788  0.        ]
 [ 0.         -0.01900325  0.        ]
 [ 0.          0.          0.        ]]
3
0.128960982154
[[ 0.05897775  1.17558109  4.78995639]
 [-0.11941066 -8.17692472  0.02647505]
 [ 3.95578445 -1.64809607  0.05075674]
 [-0.03177095 -0.59776385 -0.01808735]
 [ 0.          0.24206227 -0.01407576]
 [ 0.         -0.21877763 -0.0179989 ]
 [ 0.03999376  0.61257179  0.01242357]
 [ 0.         -0.19771734  0.        ]
 [ 0.          0.27085845  0.        ]
 [ 0.          0.099065    0.        ]
 [-0.14577533 -9.93309327  0.        ]
 [-0.02647599 -0.39927     0.01132954]
 [ 0.         -0.65772186  0.02318003]
 [ 0.03258082 -0.30565994  0.05858303]
 [ 0.         -0.13129663  0.        ]
 [ 0.          0.          0.        ]
 [ 0.         -0.13163006  0.        ]
 [ 0.          0.01782341  0.        ]
 [ 0.         -0.01903137  0.        ]
 [ 0.          0.          0.        ]]
4
0.125355689163
[[ 0.05751506  1.17567047  4.79046502]
 [-0.12054809 -8.17795867  0.02646909]
 [ 3.95728303 -1.64754213  0.04902593]
 [-0.03142282 -0.5980104  -0.01834653]
 [ 0.          0.23974426 -0.01526435]
 [ 0.         -0.22193582 -0.01491589]
 [ 0.03820776  0.61448491  0.01393601]
 [ 0.         -0.19962347  0.        ]
 [ 0.          0.27090558  0.        ]
 [ 0.          0.09908497  0.        ]
 [-0.14871139 -9.93640156  0.        ]
 [-0.02519568 -0.39731545  0.01239467]
 [ 0.         -0.65921621  0.02464692]
 [ 0.03268544 -0.30599141  0.05774595]
 [ 0.         -0.13068076  0.        ]
 [ 0.          0.          0.        ]
 [ 0.         -0.13211931  0.        ]
 [ 0.          0.01810743  0.        ]
 [ 0.         -0.0190101   0.        ]
 [ 0.          0.          0.        ]]
5
0.10065218365
[[ 0.0579401   1.1751552   4.79055034]
 [-0.12104683 -8.17807932  0.02653392]
 [ 3.95637133 -1.64556573  0.05023975]
 [-0.03170085 -0.59810096 -0.01832945]
 [ 0.          0.23912113 -0.01548961]
 [ 0.         -0.2224882  -0.01515067]
 [ 0.03841357  0.61425987  0.01483661]
 [ 0.         -0.19990982  0.        ]
 [ 0.          0.27078357  0.        ]
 [ 0.          0.09913166  0.        ]
 [-0.14878553 -9.93736802  0.        ]
 [-0.0254376  -0.39845854  0.01233886]
 [ 0.         -0.65876118  0.02489553]
 [ 0.03175901 -0.30322081  0.05926351]
 [ 0.         -0.13060199  0.        ]
 [ 0.          0.          0.        ]
 [ 0.         -0.1320584   0.        ]
 [ 0.          0.018151    0.        ]
 [ 0.         -0.01898338  0.        ]
 [ 0.          0.          0.        ]]
6
0.131921922126
[[ 0.05910204  1.17626256  4.79002203]
 [-0.11971517 -8.17852794  0.02727628]
 [ 3.95527179 -1.64673262  0.04977239]
 [-0.03194222 -0.59819878 -0.01803155]
 [ 0.          0.24329617 -0.01490541]
 [ 0.         -0.21952411 -0.01778073]
 [ 0.03941916  0.61254201  0.01230731]
 [ 0.         -0.19750771  0.        ]
 [ 0.          0.27074511  0.        ]
 [ 0.          0.09917487  0.        ]
 [-0.1459661  -9.93455074  0.        ]
 [-0.02720162 -0.39918661  0.01163467]
 [ 0.         -0.65764763  0.02262702]
 [ 0.03228849 -0.30419378  0.05731011]
 [ 0.         -0.13145973  0.        ]
 [ 0.          0.          0.        ]
 [ 0.         -0.13167562  0.        ]
 [ 0.          0.01780408  0.        ]
 [ 0.         -0.01900932  0.        ]
 [ 0.          0.          0.        ]]
7
0.106621936897
[[ 0.05916427  1.17541196  4.79014824]
 [-0.11953248 -8.17691792  0.02595978]
 [ 3.95615299 -1.64820567  0.05058323]
 [-0.03189131 -0.59782432 -0.01809241]
 [ 0.          0.24178811 -0.01381221]
 [ 0.         -0.21899056 -0.01787607]
 [ 0.0403591   0.61219532  0.01265838]
 [ 0.         -0.19769357  0.        ]
 [ 0.          0.27087377  0.        ]
 [ 0.          0.09909267  0.        ]
 [-0.14546363 -9.93323681  0.        ]
 [-0.02655314 -0.3995941   0.01133081]
 [ 0.         -0.65731871  0.02272977]
 [ 0.03297981 -0.30567486  0.05861926]
 [ 0.         -0.13125559  0.        ]
 [ 0.          0.          0.        ]
 [ 0.         -0.13158085  0.        ]
 [ 0.          0.01781966  0.        ]
 [ 0.         -0.01903462  0.        ]
 [ 0.          0.          0.        ]]
8
0.105835779802
[[ 0.05953119  1.17675363  4.78991188]
 [-0.12042709 -8.17792348  0.02697988]
 [ 3.95643522 -1.64799768  0.05159478]
 [-0.03240527 -0.59854667 -0.01784233]
 [ 0.          0.24247565 -0.01447101]
 [ 0.         -0.21877323 -0.01880097]
 [ 0.03979991  0.61318268  0.01281574]
 [ 0.         -0.19732663  0.        ]
 [ 0.          0.27095824  0.        ]
 [ 0.          0.09928617  0.        ]
 [-0.14632284 -9.93312751  0.        ]
 [-0.02660494 -0.39817384  0.01205993]
 [ 0.         -0.65754205  0.02260603]
 [ 0.03388951 -0.30543758  0.05888441]
 [ 0.         -0.1313356   0.        ]
 [ 0.          0.          0.        ]
 [ 0.         -0.13169322  0.        ]
 [ 0.          0.01777928  0.        ]
 [ 0.         -0.01903774  0.        ]
 [ 0.          0.          0.        ]]
9
Finished successfully! number of iterations:  9
0.0968154445131
[[ 0.05944424  1.17677063  4.78982492]
 [-0.12010092 -8.17825215  0.02729251]
 [ 3.95558063 -1.64785879  0.05157658]
 [-0.03227427 -0.59858376 -0.01798454]
 [ 0.          0.24272487 -0.01455102]
 [ 0.         -0.21856954 -0.01863924]
 [ 0.03981304  0.61303867  0.01211905]
 [ 0.         -0.19730374  0.        ]
 [ 0.          0.27097813  0.        ]
 [ 0.          0.0992858   0.        ]
 [-0.1460513  -9.93357615  0.        ]
 [-0.02689558 -0.39911833  0.01245056]
 [ 0.         -0.65753267  0.02299916]
 [ 0.03288558 -0.3049654   0.05902991]
 [ 0.         -0.13138745  0.        ]
 [ 0.          0.          0.        ]
 [ 0.         -0.13172439  0.        ]
 [ 0.          0.01777444  0.        ]
 [ 0.         -0.01904233  0.        ]
 [ 0.          0.          0.        ]]
Time taken for 3Dd intervals exp:  58.22058844566345 , number of intervals:  7
Avg AR burnin:  0.205911111111 , Avg AR sampling:  0.0248355555556

 Estimated ordinary:  [[ 0.00788498  0.01481     0.9913683  -0.00813245  0.          0.
   0.00709374  0.          0.          0.         -0.01502432 -0.00479216
   0.          0.00338295  0.          0.          0.          0.          0.
   0.        ]
 [ 0.12635478  1.11884455 -0.24660465 -0.10395048  0.04324784 -0.05507503
   0.109229   -0.04971649  0.06828092  0.01769038 -1.02186871 -0.07111346
  -0.11715678 -0.03137184 -0.02341014  0.         -0.02347017  0.00316699
  -0.00339289  0.        ]
 [ 1.2073707   0.00277924 -0.00743941 -0.00453174 -0.00259265 -0.00469671
   0.00215933  0.          0.          0.          0.          0.0022184
   0.00409791  0.00607242  0.          0.          0.          0.          0.
   0.        ]] 
 True ordinary:  [[ 0.    0.    1.    0.    0.    0.    0.    0.    0.    0.    0.    0.    0.
   0.    0.    0.    0.    0.    0.    0.  ]
 [ 0.5   1.   -0.3   0.    0.    0.    0.    0.    0.   -0.25 -1.    0.    0.
   0.    0.    0.    0.    0.    0.    0.  ]
 [ 1.2   0.    0.    0.    0.    0.    0.    0.    0.    0.    0.    0.    0.
   0.    0.    0.    0.    0.    0.    0.  ]]

 Estimated hermite:  [[ 0.05944424 -0.12010092  3.95558063 -0.03227427  0.          0.
   0.03981304  0.          0.          0.         -0.1460513  -0.02689558
   0.          0.03288558  0.          0.          0.          0.          0.
   0.        ]
 [ 1.17677063 -8.17825215 -1.64785879 -0.59858376  0.24272487 -0.21856954
   0.61303867 -0.19730374  0.27097813  0.0992858  -9.93357615 -0.39911833
  -0.65753267 -0.3049654  -0.13138745  0.         -0.13172439  0.01777444
  -0.01904233  0.        ]
 [ 4.78982492  0.02729251  0.05157658 -0.01798454 -0.01455102 -0.01863924
   0.01211905  0.          0.          0.          0.          0.01245056
   0.02299916  0.05902991  0.          0.          0.          0.          0.
   0.        ]] 
 True hermite:  [[ 0.          0.          3.96857782  0.          0.          0.          0.
   0.          0.          0.          0.          0.          0.          0.
   0.          0.          0.          0.          0.          0.        ]
 [ 0.99214446 -7.93715565 -1.19057335  0.          0.          0.          0.
   0.          0.         -1.40310415 -9.72099067  0.          0.          0.
   0.          0.          0.          0.          0.          0.        ]
 [ 4.76229339  0.          0.          0.          0.          0.          0.
   0.          0.          0.          0.          0.          0.          0.
   0.          0.          0.          0.          0.          0.        ]]


