My SLURM_ARRAY_TASK_ID:  10
Data shape: (10, 51, 3)
Theta shape: (20, 3)
Theta: [[ 0.07941775  0.44578713  0.34666546]
 [ 0.3466548   0.17928928  0.35989436]
 [ 0.03798395  0.25081204  0.20489234]
 [ 0.44099969  0.35136459  0.0205565 ]
 [ 0.08325851  0.39045152  0.32154851]
 [ 0.15461624  0.42811233  0.41443029]
 [ 0.162815    0.24051013  0.03356561]
 [ 0.37260097  0.39334245  0.11413235]
 [ 0.47440363  0.45751467  0.03582077]
 [ 0.27224494  0.38350036  0.33817948]
 [ 0.03636545  0.02546792  0.12423976]
 [ 0.03060638  0.49012923  0.10984736]
 [ 0.39797769  0.10234367  0.03440592]
 [ 0.13027256  0.06794092  0.48409072]
 [ 0.13152222  0.30800661  0.10730205]
 [ 0.00989483  0.22727659  0.10623115]
 [ 0.16561218  0.23665144  0.37324812]
 [ 0.16437029  0.24674784  0.31102713]
 [ 0.10610992  0.10609698  0.41144575]
 [ 0.22359248  0.19716055  0.3972493 ]]
1
43.9416273069
[[ 0.05303181  1.16258315  4.78756733]
 [-0.07803045 -8.1288959   0.02502355]
 [ 3.99643984 -1.5845939   0.04661895]
 [-0.02947324 -0.59355524 -0.01778676]
 [ 0.          0.22068917 -0.01370482]
 [ 0.         -0.23614098 -0.01502576]
 [ 0.01985999  0.61601039  0.01518349]
 [ 0.         -0.20090786  0.        ]
 [ 0.          0.26946796  0.        ]
 [ 0.          0.09741254  0.        ]
 [-0.10180657 -9.88165286  0.        ]
 [ 0.         -0.32794837  0.01326453]
 [ 0.         -0.6696415   0.02323187]
 [ 0.0596386  -0.28677068  0.05405717]
 [ 0.         -0.1307725   0.        ]
 [ 0.          0.          0.        ]
 [ 0.         -0.13230199  0.        ]
 [ 0.          0.01828785  0.        ]
 [ 0.         -0.0188905   0.        ]
 [ 0.          0.          0.        ]]
2
0.449337765567
[[ 0.05743644  1.18062952  4.79031829]
 [-0.08367432 -8.17490202  0.02589091]
 [ 3.96424102 -1.61490833  0.04703406]
 [-0.03120049 -0.60079849 -0.01699377]
 [ 0.          0.24019647 -0.01415082]
 [ 0.         -0.22299589 -0.01311607]
 [ 0.03831644  0.62144602  0.01870884]
 [ 0.         -0.19875474  0.        ]
 [ 0.          0.27362307  0.        ]
 [ 0.          0.09959927  0.        ]
 [-0.10180633 -9.93339669  0.        ]
 [-0.02180339 -0.32687545  0.01061034]
 [ 0.01148579 -0.65367842  0.02638907]
 [ 0.03379425 -0.30087831  0.05619875]
 [ 0.         -0.1314943   0.        ]
 [ 0.          0.          0.        ]
 [ 0.         -0.13335379  0.        ]
 [ 0.          0.01798854  0.        ]
 [ 0.         -0.01920054  0.        ]
 [ 0.          0.          0.        ]]
3
Finished successfully! number of iterations:  3
0.0898308350237
[[ 0.05796893  1.18138753  4.78991832]
 [-0.08417483 -8.17536858  0.02604847]
 [ 3.96406644 -1.61564858  0.04712458]
 [-0.0314476  -0.60124409 -0.01674558]
 [ 0.          0.23996823 -0.01415768]
 [ 0.         -0.22230169 -0.01333518]
 [ 0.03922552  0.62188206  0.017969  ]
 [ 0.         -0.19860725  0.        ]
 [ 0.          0.27385595  0.        ]
 [ 0.          0.09974873  0.        ]
 [-0.10196441 -9.93292775  0.        ]
 [-0.02126775 -0.3268362   0.01061328]
 [ 0.01096499 -0.65525157  0.02699476]
 [ 0.03402727 -0.30080542  0.05567419]
 [ 0.         -0.13138194  0.        ]
 [ 0.          0.          0.        ]
 [ 0.         -0.13338134  0.        ]
 [ 0.          0.01797134  0.        ]
 [ 0.         -0.0192256   0.        ]
 [ 0.          0.          0.        ]]
Time taken for 3Dd intervals exp:  19.761253356933594 , number of intervals:  10
Avg AR burnin:  0.216733333333 , Avg AR sampling:  0.0241133333333

 Estimated ordinary:  [[ 0.00761792  0.00830326  0.99215146 -0.00792415  0.          0.
   0.00698906  0.          0.          0.         -0.0104891  -0.00378941
   0.0019537   0.00350039  0.          0.          0.          0.          0.
   0.        ]
 [ 0.12635114  1.11892953 -0.25261846 -0.10432659  0.04275667 -0.05601545
   0.11080469 -0.05004494  0.06900607  0.01777287 -1.021802   -0.05823449
  -0.11675035 -0.03094391 -0.02340916  0.         -0.0237654   0.00320207
  -0.00342555  0.        ]
 [ 1.20628183  0.00175385 -0.00719825 -0.00421954 -0.00252256 -0.00336019
   0.00320165  0.          0.          0.          0.          0.00189104
   0.00480983  0.00572721  0.          0.          0.          0.          0.
   0.        ]] 
 True ordinary:  [[ 0.    0.    1.    0.    0.    0.    0.    0.    0.    0.    0.    0.    0.
   0.    0.    0.    0.    0.    0.    0.  ]
 [ 0.5   1.   -0.3   0.    0.    0.    0.    0.    0.   -0.25 -1.    0.    0.
   0.    0.    0.    0.    0.    0.    0.  ]
 [ 1.2   0.    0.    0.    0.    0.    0.    0.    0.    0.    0.    0.    0.
   0.    0.    0.    0.    0.    0.    0.  ]]

 Estimated hermite:  [[ 0.05796893 -0.08417483  3.96406644 -0.0314476   0.          0.
   0.03922552  0.          0.          0.         -0.10196441 -0.02126775
   0.01096499  0.03402727  0.          0.          0.          0.          0.
   0.        ]
 [ 1.18138753 -8.17536858 -1.61564858 -0.60124409  0.23996823 -0.22230169
   0.62188206 -0.19860725  0.27385595  0.09974873 -9.93292775 -0.3268362
  -0.65525157 -0.30080542 -0.13138194  0.         -0.13338134  0.01797134
  -0.0192256   0.        ]
 [ 4.78991832  0.02604847  0.04712458 -0.01674558 -0.01415768 -0.01333518
   0.017969    0.          0.          0.          0.          0.01061328
   0.02699476  0.05567419  0.          0.          0.          0.          0.
   0.        ]] 
 True hermite:  [[ 0.          0.          3.96857782  0.          0.          0.          0.
   0.          0.          0.          0.          0.          0.          0.
   0.          0.          0.          0.          0.          0.        ]
 [ 0.99214446 -7.93715565 -1.19057335  0.          0.          0.          0.
   0.          0.         -1.40310415 -9.72099067  0.          0.          0.
   0.          0.          0.          0.          0.          0.        ]
 [ 4.76229339  0.          0.          0.          0.          0.          0.
   0.          0.          0.          0.          0.          0.          0.
   0.          0.          0.          0.          0.          0.        ]]


