My SLURM_ARRAY_TASK_ID:  2
Data shape: (10, 51, 3)
Theta shape: (20, 3)
Theta: [[ 0.47683727  0.25169344  0.47101999]
 [ 0.37947234  0.20718177  0.14588916]
 [ 0.12409367  0.44944685  0.46907172]
 [ 0.30893301  0.39842129  0.04469921]
 [ 0.06594487  0.04426386  0.28222905]
 [ 0.06180307  0.09178864  0.08951723]
 [ 0.32231037  0.47136911  0.16744992]
 [ 0.06290922  0.42222696  0.17866183]
 [ 0.16417912  0.31193492  0.18983982]
 [ 0.24571028  0.07064251  0.46650017]
 [ 0.17367279  0.29809335  0.39756343]
 [ 0.04420652  0.24214118  0.34538711]
 [ 0.23347663  0.13091625  0.46439237]
 [ 0.35837117  0.38867527  0.27002192]
 [ 0.02381164  0.44879367  0.4694573 ]
 [ 0.28436542  0.04253108  0.0835463 ]
 [ 0.40123939  0.15681399  0.4602052 ]
 [ 0.32855416  0.0860913   0.35624989]
 [ 0.39530105  0.01501332  0.25158609]
 [ 0.46904024  0.36353829  0.23220428]]
1
47.1220815908
[[ 0.0987392   1.13236274  4.78678327]
 [-0.41549545 -8.06952836  0.02310752]
 [ 3.91335253 -1.89073499  0.05035113]
 [-0.05404057 -0.57997343 -0.01777111]
 [ 0.0109553   0.26428653 -0.01162248]
 [-0.01154396 -0.219646   -0.01947894]
 [ 0.05408086  0.59948321  0.01260538]
 [ 0.         -0.20322222  0.        ]
 [ 0.          0.24428668  0.        ]
 [ 0.01148899  0.09698489  0.        ]
 [-0.51648658 -9.78038992  0.        ]
 [-0.0290614  -0.94567809  0.        ]
 [-0.03931316 -0.75497966  0.01826118]
 [ 0.04495365 -0.34057939  0.05886032]
 [ 0.         -0.13121549  0.        ]
 [ 0.          0.          0.        ]
 [ 0.         -0.12314988  0.        ]
 [ 0.          0.01822606  0.        ]
 [ 0.         -0.01697693  0.        ]
 [ 0.          0.          0.        ]]
2
0.379975531213
[[ 0.10328994  1.13238375  4.7893657 ]
 [-0.42620591 -8.10220972  0.02424605]
 [ 3.89454766 -1.91418821  0.0510967 ]
 [-0.05560913 -0.57447221 -0.01783224]
 [ 0.01780892  0.27280443 -0.01381123]
 [ 0.         -0.2186249  -0.01810553]
 [ 0.05669363  0.59538795  0.01391939]
 [ 0.         -0.20749903  0.        ]
 [ 0.01014293  0.24488393  0.        ]
 [ 0.01156729  0.09533617  0.        ]
 [-0.52587936 -9.82970698  0.        ]
 [-0.0509858  -0.96175072  0.01175652]
 [-0.04166898 -0.74620317  0.02285342]
 [ 0.02588814 -0.35923598  0.05902687]
 [ 0.         -0.13093261  0.        ]
 [ 0.          0.          0.        ]
 [ 0.         -0.12279323  0.        ]
 [ 0.          0.01873227  0.        ]
 [ 0.         -0.01699159  0.        ]
 [ 0.          0.          0.        ]]
3
Finished successfully! number of iterations:  3
0.0935440000042
[[ 0.10307614  1.13201921  4.7896179 ]
 [-0.42554409 -8.10277986  0.02380198]
 [ 3.89077421 -1.91444682  0.04970021]
 [-0.05519783 -0.57408667 -0.01789162]
 [ 0.01828748  0.27180783 -0.01410684]
 [ 0.         -0.21960194 -0.01783602]
 [ 0.05701039  0.59526605  0.01484604]
 [ 0.         -0.20732538  0.        ]
 [ 0.01059161  0.24487847  0.        ]
 [ 0.01144042  0.09521358  0.        ]
 [-0.52541911 -9.82963999  0.        ]
 [-0.05118164 -0.96235398  0.01100626]
 [-0.04009263 -0.74637232  0.02297889]
 [ 0.02224073 -0.35956353  0.05755268]
 [ 0.         -0.1307569   0.        ]
 [ 0.          0.          0.        ]
 [ 0.         -0.12282929  0.        ]
 [ 0.          0.01872147  0.        ]
 [ 0.         -0.01699126  0.        ]
 [ 0.          0.          0.        ]]
Time taken for 3Dd intervals exp:  19.765939950942993 , number of intervals:  2
Avg AR burnin:  0.247866666667 , Avg AR sampling:  0.0607666666667

 Estimated ordinary:  [[ 0.01051835  0.06206506  0.98265072 -0.01390872  0.0032584   0.
   0.0101579   0.          0.00266887  0.00203841 -0.05404995 -0.00911936
  -0.00714356  0.00228791  0.          0.          0.          0.          0.
   0.        ]
 [ 0.11378868  1.12144661 -0.19693996 -0.09947497  0.04842973 -0.05533517
   0.10606234 -0.05224173  0.06170434  0.01696481 -1.01117677 -0.17146874
  -0.13298591 -0.03698836 -0.02329779  0.         -0.02188528  0.00333572
  -0.00302744  0.        ]
 [ 1.20675351  0.00190331 -0.00719899 -0.00450832 -0.00251351 -0.00449431
   0.00264521  0.          0.          0.          0.          0.00196105
   0.0040943   0.00592045  0.          0.          0.          0.          0.
   0.        ]] 
 True ordinary:  [[ 0.    0.    1.    0.    0.    0.    0.    0.    0.    0.    0.    0.    0.
   0.    0.    0.    0.    0.    0.    0.  ]
 [ 0.5   1.   -0.3   0.    0.    0.    0.    0.    0.   -0.25 -1.    0.    0.
   0.    0.    0.    0.    0.    0.    0.  ]
 [ 1.2   0.    0.    0.    0.    0.    0.    0.    0.    0.    0.    0.    0.
   0.    0.    0.    0.    0.    0.    0.  ]]

 Estimated hermite:  [[ 0.10307614 -0.42554409  3.89077421 -0.05519783  0.01828748  0.
   0.05701039  0.          0.01059161  0.01144042 -0.52541911 -0.05118164
  -0.04009263  0.02224073  0.          0.          0.          0.          0.
   0.        ]
 [ 1.13201921 -8.10277986 -1.91444682 -0.57408667  0.27180783 -0.21960194
   0.59526605 -0.20732538  0.24487847  0.09521358 -9.82963999 -0.96235398
  -0.74637232 -0.35956353 -0.1307569   0.         -0.12282929  0.01872147
  -0.01699126  0.        ]
 [ 4.7896179   0.02380198  0.04970021 -0.01789162 -0.01410684 -0.01783602
   0.01484604  0.          0.          0.          0.          0.01100626
   0.02297889  0.05755268  0.          0.          0.          0.          0.
   0.        ]] 
 True hermite:  [[ 0.          0.          3.96857782  0.          0.          0.          0.
   0.          0.          0.          0.          0.          0.          0.
   0.          0.          0.          0.          0.          0.        ]
 [ 0.99214446 -7.93715565 -1.19057335  0.          0.          0.          0.
   0.          0.         -1.40310415 -9.72099067  0.          0.          0.
   0.          0.          0.          0.          0.          0.        ]
 [ 4.76229339  0.          0.          0.          0.          0.          0.
   0.          0.          0.          0.          0.          0.          0.
   0.          0.          0.          0.          0.          0.        ]]


