My SLURM_ARRAY_TASK_ID:  3
Data shape: (10, 51, 3)
Theta shape: (20, 3)
Theta: [[ 0.41135918  0.02252432  0.28169531]
 [ 0.11214822  0.1161178   0.38899055]
 [ 0.39688388  0.25922687  0.0955613 ]
 [ 0.2799803   0.22230813  0.24407008]
 [ 0.07017937  0.37762912  0.44750395]
 [ 0.48106983  0.09427299  0.09798991]
 [ 0.16215727  0.0540936   0.49684901]
 [ 0.00965675  0.44139165  0.24577629]
 [ 0.34411424  0.18381852  0.23077088]
 [ 0.43465675  0.38330169  0.24525324]
 [ 0.43213143  0.24036254  0.34757438]
 [ 0.13218288  0.4004308   0.01174273]
 [ 0.17467883  0.32762677  0.01553866]
 [ 0.0479664   0.40651568  0.30157749]
 [ 0.48728849  0.28971623  0.11610777]
 [ 0.27524165  0.38755261  0.16930209]
 [ 0.1075052   0.4375305   0.25597694]
 [ 0.21049844  0.44192962  0.18174445]
 [ 0.07459304  0.24379246  0.15132068]
 [ 0.226104    0.31929422  0.21642409]]
1
46.7149907087
[[ 0.08112006  1.14561876  4.78472798]
 [-0.26687232 -8.10474471  0.02714866]
 [ 3.94080248 -1.76867021  0.05045248]
 [-0.04518211 -0.58506513 -0.01616155]
 [ 0.          0.24575354 -0.01317138]
 [-0.01274667 -0.22303986 -0.02174493]
 [ 0.0377085   0.61567109  0.01409293]
 [ 0.         -0.20385303  0.        ]
 [ 0.          0.25254224 -0.01073892]
 [ 0.          0.09664583  0.        ]
 [-0.34026583 -9.83869549  0.        ]
 [-0.01542655 -0.6958277   0.        ]
 [-0.01211732 -0.71243019  0.02238911]
 [ 0.0486178  -0.32179324  0.05359853]
 [ 0.         -0.1315544   0.        ]
 [ 0.          0.          0.        ]
 [ 0.         -0.12925133  0.        ]
 [ 0.          0.01859488  0.        ]
 [ 0.         -0.01734497  0.        ]
 [ 0.          0.          0.        ]]
2
0.450616713997
[[ 0.08434736  1.15420871  4.79099645]
 [-0.28662898 -8.15139416  0.0257946 ]
 [ 3.91871734 -1.79696654  0.04930906]
 [-0.04488324 -0.58568354 -0.01831587]
 [ 0.01443286  0.25569753 -0.0121431 ]
 [ 0.         -0.22218814 -0.01392345]
 [ 0.04967223  0.61143899  0.01640852]
 [ 0.         -0.20344679  0.        ]
 [ 0.          0.2581407   0.        ]
 [ 0.          0.09712127  0.        ]
 [-0.35330576 -9.895102    0.        ]
 [-0.03686718 -0.70088882  0.01087065]
 [-0.01928049 -0.7079917   0.02202124]
 [ 0.0217118  -0.33851985  0.06051763]
 [ 0.         -0.13048158  0.        ]
 [ 0.          0.          0.        ]
 [ 0.         -0.12850823  0.        ]
 [ 0.          0.018403    0.        ]
 [ 0.         -0.01803842  0.        ]
 [ 0.          0.          0.        ]]
3
Finished successfully! number of iterations:  3
0.0911177776577
[[ 0.08443633  1.15422795  4.79114038]
 [-0.28674976 -8.15135324  0.02586098]
 [ 3.91971744 -1.79686     0.05143627]
 [-0.04490449 -0.58580263 -0.01836959]
 [ 0.01485715  0.25547724 -0.01216295]
 [ 0.         -0.2220721  -0.01448034]
 [ 0.05042248  0.61136537  0.01754304]
 [ 0.         -0.20352279  0.        ]
 [ 0.          0.25821603  0.        ]
 [ 0.          0.09715518  0.        ]
 [-0.35314054 -9.89536198  0.        ]
 [-0.03709126 -0.70136749  0.01095791]
 [-0.01968251 -0.7078058   0.02255242]
 [ 0.02291293 -0.33789531  0.063326  ]
 [ 0.         -0.13044249  0.        ]
 [ 0.          0.          0.        ]
 [ 0.         -0.12855755  0.        ]
 [ 0.          0.01841504  0.        ]
 [ 0.         -0.01804455  0.        ]
 [ 0.          0.          0.        ]]
Time taken for 3Dd intervals exp:  18.860199451446533 , number of intervals:  3
Avg AR burnin:  0.2298 , Avg AR sampling:  0.03202

 Estimated ordinary:  [[ 0.00964493  0.0402348   0.9872258  -0.01131501  0.00264719  0.
   0.00898409  0.          0.          0.         -0.03632763 -0.00660879
  -0.00350696  0.00235706  0.          0.          0.          0.          0.
   0.        ]
 [ 0.11908008  1.12267257 -0.2203115  -0.10146253  0.04552001 -0.0559576
   0.10893086 -0.05128356  0.06506513  0.01731076 -1.01793761 -0.12496711
  -0.12611427 -0.03475935 -0.02324177  0.         -0.02290592  0.00328112
  -0.00321511  0.        ]
 [ 1.20631024  0.00249813 -0.00853463 -0.00462876 -0.00216715 -0.00364875
   0.00312575  0.          0.          0.          0.          0.00195244
   0.00401831  0.00651436  0.          0.          0.          0.          0.
   0.        ]] 
 True ordinary:  [[ 0.    0.    1.    0.    0.    0.    0.    0.    0.    0.    0.    0.    0.
   0.    0.    0.    0.    0.    0.    0.  ]
 [ 0.5   1.   -0.3   0.    0.    0.    0.    0.    0.   -0.25 -1.    0.    0.
   0.    0.    0.    0.    0.    0.    0.  ]
 [ 1.2   0.    0.    0.    0.    0.    0.    0.    0.    0.    0.    0.    0.
   0.    0.    0.    0.    0.    0.    0.  ]]

 Estimated hermite:  [[ 0.08443633 -0.28674976  3.91971744 -0.04490449  0.01485715  0.
   0.05042248  0.          0.          0.         -0.35314054 -0.03709126
  -0.01968251  0.02291293  0.          0.          0.          0.          0.
   0.        ]
 [ 1.15422795 -8.15135324 -1.79686    -0.58580263  0.25547724 -0.2220721
   0.61136537 -0.20352279  0.25821603  0.09715518 -9.89536198 -0.70136749
  -0.7078058  -0.33789531 -0.13044249  0.         -0.12855755  0.01841504
  -0.01804455  0.        ]
 [ 4.79114038  0.02586098  0.05143627 -0.01836959 -0.01216295 -0.01448034
   0.01754304  0.          0.          0.          0.          0.01095791
   0.02255242  0.063326    0.          0.          0.          0.          0.
   0.        ]] 
 True hermite:  [[ 0.          0.          3.96857782  0.          0.          0.          0.
   0.          0.          0.          0.          0.          0.          0.
   0.          0.          0.          0.          0.          0.        ]
 [ 0.99214446 -7.93715565 -1.19057335  0.          0.          0.          0.
   0.          0.         -1.40310415 -9.72099067  0.          0.          0.
   0.          0.          0.          0.          0.          0.        ]
 [ 4.76229339  0.          0.          0.          0.          0.          0.
   0.          0.          0.          0.          0.          0.          0.
   0.          0.          0.          0.          0.          0.        ]]


