My SLURM_ARRAY_TASK_ID:  8
Data shape: (10, 51, 3)
Theta shape: (20, 3)
Theta: [[ 0.1446011   0.40979633  0.08804543]
 [ 0.05682796  0.44243435  0.12438609]
 [ 0.11620019  0.04014063  0.39527576]
 [ 0.38156613  0.42062397  0.43427559]
 [ 0.16328307  0.20773916  0.28588721]
 [ 0.02002959  0.07441635  0.33382634]
 [ 0.39262945  0.34331613  0.24132274]
 [ 0.41958679  0.28668157  0.03373937]
 [ 0.23076873  0.11621573  0.48083922]
 [ 0.09793894  0.40958167  0.33229858]
 [ 0.18169968  0.12723718  0.38381864]
 [ 0.41208448  0.21339811  0.16824109]
 [ 0.14414158  0.1557222   0.31018085]
 [ 0.24930819  0.32011311  0.24000159]
 [ 0.22409231  0.17049949  0.05549423]
 [ 0.47771447  0.14633219  0.19012709]
 [ 0.13140846  0.33789044  0.40438028]
 [ 0.0509948   0.31545113  0.03694247]
 [ 0.43549487  0.22958721  0.31054616]
 [ 0.27695794  0.2659094   0.01871863]]
1
45.1318200046
[[ 0.04808298  1.16577696  4.78885512]
 [-0.09802538 -8.11963067  0.02022039]
 [ 3.98696516 -1.61535707  0.05085903]
 [-0.02661699 -0.59681729 -0.01788944]
 [ 0.          0.21898768 -0.01371225]
 [ 0.         -0.23037303 -0.0197851 ]
 [ 0.02651943  0.62372973  0.02050503]
 [ 0.         -0.19997219  0.        ]
 [ 0.          0.26945211 -0.01072793]
 [ 0.          0.09855611  0.        ]
 [-0.12927511 -9.87260712  0.        ]
 [ 0.         -0.3593059   0.01176513]
 [ 0.         -0.66568028  0.0214014 ]
 [ 0.05141889 -0.29985999  0.05725689]
 [ 0.         -0.13022998  0.        ]
 [ 0.          0.          0.        ]
 [ 0.         -0.13336109  0.        ]
 [ 0.          0.01815328  0.        ]
 [ 0.         -0.01893677  0.        ]
 [ 0.          0.          0.        ]]
2
0.464728265721
[[ 0.05709117  1.18125451  4.78883474]
 [-0.10403349 -8.18676676  0.02857697]
 [ 3.96071257 -1.63918782  0.05390307]
 [-0.03231481 -0.59948139 -0.01780836]
 [ 0.          0.24161005 -0.01414045]
 [ 0.         -0.21972367 -0.01508212]
 [ 0.03335976  0.62260774  0.01135067]
 [ 0.         -0.19884236  0.        ]
 [ 0.          0.27242538  0.        ]
 [ 0.          0.09924191  0.        ]
 [-0.12745652 -9.94336564  0.        ]
 [-0.0258943  -0.37014533  0.01409408]
 [ 0.01163974 -0.66108761  0.02804574]
 [ 0.03475055 -0.30808644  0.06384294]
 [ 0.         -0.13105025  0.        ]
 [ 0.          0.          0.        ]
 [ 0.         -0.1332743   0.        ]
 [ 0.          0.01803909  0.        ]
 [ 0.         -0.01913079  0.        ]
 [ 0.          0.          0.        ]]
3
Finished successfully! number of iterations:  3
0.0863703465698
[[ 0.05729794  1.18135191  4.78899221]
 [-0.10453945 -8.1870501   0.02827718]
 [ 3.9603347  -1.63816332  0.0534379 ]
 [-0.03241252 -0.59957948 -0.01791448]
 [ 0.          0.24168684 -0.01401958]
 [ 0.         -0.21979664 -0.01455257]
 [ 0.03364032  0.62285372  0.0114358 ]
 [ 0.         -0.19891308  0.        ]
 [ 0.          0.27259055  0.        ]
 [ 0.          0.09927263  0.        ]
 [-0.12822049 -9.94356523  0.        ]
 [-0.02594791 -0.36943838  0.01376184]
 [ 0.01105074 -0.66147573  0.027753  ]
 [ 0.03446368 -0.30652373  0.06390467]
 [ 0.         -0.13103577  0.        ]
 [ 0.          0.          0.        ]
 [ 0.         -0.13327858  0.        ]
 [ 0.          0.01805078  0.        ]
 [ 0.         -0.01914193  0.        ]
 [ 0.          0.          0.        ]]
Time taken for 3Dd intervals exp:  19.085212469100952 , number of intervals:  8
Avg AR burnin:  0.197333333333 , Avg AR sampling:  0.02272

 Estimated ordinary:  [[ 0.00844399  0.01125942  0.99191035 -0.00816729  0.          0.
   0.00599391  0.          0.          0.         -0.01319006 -0.0046233
   0.00196898  0.00354528  0.          0.          0.          0.          0.
   0.        ]
 [ 0.12594765  1.12036371 -0.24895119 -0.10398713  0.04306288 -0.05538423
   0.11097781 -0.05012201  0.06868721  0.01768804 -1.02289628 -0.06582519
  -0.11785934 -0.03153215 -0.02334748  0.         -0.02374709  0.00321622
  -0.00341064  0.        ]
 [ 1.20718792  0.00218034 -0.00870844 -0.00451408 -0.00249796 -0.00366695
   0.00203759  0.          0.          0.          0.          0.00245204
   0.00494493  0.00657388  0.          0.          0.          0.          0.
   0.        ]] 
 True ordinary:  [[ 0.    0.    1.    0.    0.    0.    0.    0.    0.    0.    0.    0.    0.
   0.    0.    0.    0.    0.    0.    0.  ]
 [ 0.5   1.   -0.3   0.    0.    0.    0.    0.    0.   -0.25 -1.    0.    0.
   0.    0.    0.    0.    0.    0.    0.  ]
 [ 1.2   0.    0.    0.    0.    0.    0.    0.    0.    0.    0.    0.    0.
   0.    0.    0.    0.    0.    0.    0.  ]]

 Estimated hermite:  [[ 0.05729794 -0.10453945  3.9603347  -0.03241252  0.          0.
   0.03364032  0.          0.          0.         -0.12822049 -0.02594791
   0.01105074  0.03446368  0.          0.          0.          0.          0.
   0.        ]
 [ 1.18135191 -8.1870501  -1.63816332 -0.59957948  0.24168684 -0.21979664
   0.62285372 -0.19891308  0.27259055  0.09927263 -9.94356523 -0.36943838
  -0.66147573 -0.30652373 -0.13103577  0.         -0.13327858  0.01805078
  -0.01914193  0.        ]
 [ 4.78899221  0.02827718  0.0534379  -0.01791448 -0.01401958 -0.01455257
   0.0114358   0.          0.          0.          0.          0.01376184
   0.027753    0.06390467  0.          0.          0.          0.          0.
   0.        ]] 
 True hermite:  [[ 0.          0.          3.96857782  0.          0.          0.          0.
   0.          0.          0.          0.          0.          0.          0.
   0.          0.          0.          0.          0.          0.        ]
 [ 0.99214446 -7.93715565 -1.19057335  0.          0.          0.          0.
   0.          0.         -1.40310415 -9.72099067  0.          0.          0.
   0.          0.          0.          0.          0.          0.        ]
 [ 4.76229339  0.          0.          0.          0.          0.          0.
   0.          0.          0.          0.          0.          0.          0.
   0.          0.          0.          0.          0.          0.        ]]


