My SLURM_ARRAY_TASK_ID:  9
Data shape: (10, 51, 3)
Theta shape: (20, 3)
Theta: [[ 0.20243879  0.44032087  0.46477781]
 [ 0.32505815  0.27777083  0.14457841]
 [ 0.34978667  0.18626927  0.46145336]
 [ 0.31040183  0.0025132   0.14487892]
 [ 0.28427636  0.03331824  0.40370614]
 [ 0.35903998  0.23816942  0.22678812]
 [ 0.4355177   0.01269441  0.19759557]
 [ 0.23849215  0.49510937  0.4606478 ]
 [ 0.37202593  0.34429429  0.39992545]
 [ 0.21037539  0.40016128  0.16767161]
 [ 0.22838795  0.27739727  0.25446967]
 [ 0.31781683  0.07913164  0.02291011]
 [ 0.17250148  0.45251688  0.04057846]
 [ 0.29288911  0.33095457  0.18870054]
 [ 0.18950438  0.11067307  0.0828639 ]
 [ 0.14489467  0.39391948  0.16370984]
 [ 0.29746915  0.16132704  0.4844784 ]
 [ 0.38226966  0.00418396  0.14687815]
 [ 0.13419715  0.46475031  0.14000709]
 [ 0.28720362  0.21340547  0.13549993]]
1
45.2223353768
[[ 0.0536255   1.17558512  4.78584474]
 [-0.08805711 -8.133041    0.02631758]
 [ 3.98741652 -1.602152    0.05041088]
 [-0.02967614 -0.60050768 -0.01659823]
 [ 0.          0.23111004 -0.01336218]
 [ 0.         -0.23094324 -0.01607304]
 [ 0.03080859  0.62632157  0.01479276]
 [ 0.         -0.1999989   0.        ]
 [ 0.          0.27016863  0.        ]
 [ 0.          0.09914949  0.        ]
 [-0.1157934  -9.88086658  0.        ]
 [ 0.         -0.3459731   0.        ]
 [ 0.         -0.66704484  0.02222725]
 [ 0.05795382 -0.29305276  0.05844239]
 [ 0.         -0.13085623  0.        ]
 [ 0.          0.          0.        ]
 [ 0.         -0.13403707  0.        ]
 [ 0.          0.01826207  0.        ]
 [ 0.         -0.01895901  0.        ]
 [ 0.          0.          0.        ]]
2
0.420657010377
[[ 0.05516554  1.17785729  4.78724982]
 [-0.09346447 -8.180091    0.03021102]
 [ 3.96140393 -1.62269539  0.05704289]
 [-0.02992641 -0.59825279 -0.01611294]
 [ 0.          0.23948085 -0.01588139]
 [ 0.         -0.21829446 -0.02121009]
 [ 0.03850515  0.6188153   0.0138477 ]
 [ 0.         -0.19975907  0.        ]
 [ 0.          0.27254992  0.        ]
 [ 0.          0.09890107  0.        ]
 [-0.1115893  -9.94139924  0.        ]
 [-0.02450711 -0.34417712  0.0141235 ]
 [ 0.01244736 -0.65400115  0.0278207 ]
 [ 0.03047074 -0.304081    0.06450057]
 [ 0.         -0.13076113  0.        ]
 [ 0.          0.          0.        ]
 [ 0.         -0.13278736  0.        ]
 [ 0.          0.01815141  0.        ]
 [ 0.         -0.01913807  0.        ]
 [ 0.          0.          0.        ]]
3
Finished successfully! number of iterations:  3
0.0859019721214
[[ 0.05553713  1.17789673  4.78700492]
 [-0.09354698 -8.18050812  0.03064513]
 [ 3.9606659  -1.6218907   0.05640252]
 [-0.03009839 -0.59828126 -0.01602348]
 [ 0.          0.23923949 -0.01611572]
 [ 0.         -0.21856238 -0.02088311]
 [ 0.0389797   0.61827503  0.01357753]
 [ 0.         -0.19984694  0.        ]
 [ 0.          0.27270303  0.        ]
 [ 0.          0.09891049  0.        ]
 [-0.11170475 -9.94226518  0.        ]
 [-0.02491556 -0.34328045  0.0131914 ]
 [ 0.01276337 -0.654302    0.02859117]
 [ 0.02971711 -0.30328065  0.06419779]
 [ 0.         -0.13064017  0.        ]
 [ 0.          0.          0.        ]
 [ 0.         -0.13275333  0.        ]
 [ 0.          0.01815672  0.        ]
 [ 0.         -0.01915911  0.        ]
 [ 0.          0.          0.        ]]
Time taken for 3Dd intervals exp:  20.06350326538086 , number of intervals:  9
Avg AR burnin:  0.202533333333 , Avg AR sampling:  0.0251066666667

 Estimated ordinary:  [[ 0.00704895  0.00862722  0.99327471 -0.00758418  0.          0.
   0.00694526  0.          0.          0.         -0.01149109 -0.00443936
   0.00227413  0.003057    0.          0.          0.          0.          0.
   0.        ]
 [ 0.12639342  1.12031388 -0.25050934 -0.10382408  0.04262682 -0.05507323
   0.110162   -0.05035732  0.06871556  0.01762351 -1.02276255 -0.06116446
  -0.11658115 -0.03119853 -0.02327699  0.         -0.02365351  0.0032351
  -0.0034137   0.        ]
 [ 1.20667904  0.00262767 -0.00795023 -0.00403759 -0.00287144 -0.00526211
   0.00241919  0.          0.          0.          0.          0.00235039
   0.00509427  0.00660404  0.          0.          0.          0.          0.
   0.        ]] 
 True ordinary:  [[ 0.    0.    1.    0.    0.    0.    0.    0.    0.    0.    0.    0.    0.
   0.    0.    0.    0.    0.    0.    0.  ]
 [ 0.5   1.   -0.3   0.    0.    0.    0.    0.    0.   -0.25 -1.    0.    0.
   0.    0.    0.    0.    0.    0.    0.  ]
 [ 1.2   0.    0.    0.    0.    0.    0.    0.    0.    0.    0.    0.    0.
   0.    0.    0.    0.    0.    0.    0.  ]]

 Estimated hermite:  [[ 0.05553713 -0.09354698  3.9606659  -0.03009839  0.          0.
   0.0389797   0.          0.          0.         -0.11170475 -0.02491556
   0.01276337  0.02971711  0.          0.          0.          0.          0.
   0.        ]
 [ 1.17789673 -8.18050812 -1.6218907  -0.59828126  0.23923949 -0.21856238
   0.61827503 -0.19984694  0.27270303  0.09891049 -9.94226518 -0.34328045
  -0.654302   -0.30328065 -0.13064017  0.         -0.13275333  0.01815672
  -0.01915911  0.        ]
 [ 4.78700492  0.03064513  0.05640252 -0.01602348 -0.01611572 -0.02088311
   0.01357753  0.          0.          0.          0.          0.0131914
   0.02859117  0.06419779  0.          0.          0.          0.          0.
   0.        ]] 
 True hermite:  [[ 0.          0.          3.96857782  0.          0.          0.          0.
   0.          0.          0.          0.          0.          0.          0.
   0.          0.          0.          0.          0.          0.        ]
 [ 0.99214446 -7.93715565 -1.19057335  0.          0.          0.          0.
   0.          0.         -1.40310415 -9.72099067  0.          0.          0.
   0.          0.          0.          0.          0.          0.        ]
 [ 4.76229339  0.          0.          0.          0.          0.          0.
   0.          0.          0.          0.          0.          0.          0.
   0.          0.          0.          0.          0.          0.        ]]


