My SLURM_ARRAY_TASK_ID:  9
Data shape: (10, 101, 4)
Theta shape: (35, 4)
Theta: [[ 0.17313531  0.17288717  0.10410198  0.21108951]
 [ 0.03823564  0.42224234  0.21231109  0.02955928]
 [ 0.42972995  0.33111057  0.39881108  0.47427812]
 [ 0.04290161  0.1220693   0.13177778  0.42698142]
 [ 0.17944078  0.43394819  0.23130899  0.26038299]
 [ 0.20534778  0.00451334  0.12655074  0.02817667]
 [ 0.02994326  0.2659602   0.40850599  0.33294233]
 [ 0.35858513  0.23432432  0.49648336  0.34885061]
 [ 0.33203141  0.4542526   0.16687206  0.18778706]
 [ 0.15112711  0.35383974  0.00129993  0.413711  ]
 [ 0.16002294  0.09715703  0.04107727  0.38458668]
 [ 0.46867916  0.26319771  0.24513484  0.11873848]
 [ 0.29750516  0.24617909  0.30658797  0.07658052]
 [ 0.08232807  0.41134856  0.20546481  0.46274605]
 [ 0.37442222  0.49129158  0.25744011  0.06917711]
 [ 0.34587146  0.22217551  0.22208387  0.41823314]
 [ 0.37792631  0.12016766  0.39516834  0.17073795]
 [ 0.03971116  0.06800543  0.04416392  0.2941806 ]
 [ 0.41305887  0.19381282  0.49686155  0.00856739]
 [ 0.10618048  0.08547944  0.21381639  0.03565011]
 [ 0.49723556  0.01248657  0.08494239  0.02898001]
 [ 0.2543554   0.28450708  0.27083005  0.1271473 ]
 [ 0.43503999  0.23706312  0.36295664  0.44580984]
 [ 0.35301999  0.46586881  0.24650712  0.25143379]
 [ 0.49210562  0.42086683  0.47972417  0.45724369]
 [ 0.18319992  0.04477768  0.19504341  0.07983871]
 [ 0.26166275  0.0152699   0.28932805  0.46168658]
 [ 0.33988361  0.22486096  0.39625959  0.49986856]
 [ 0.19548672  0.11107677  0.40517601  0.33888972]
 [ 0.2470588   0.19521534  0.20582993  0.33878958]
 [ 0.45830562  0.37748075  0.18033051  0.18636583]
 [ 0.1096607   0.38320503  0.48007547  0.15568871]
 [ 0.1571799   0.39636045  0.04363469  0.06932194]
 [ 0.25351117  0.36822251  0.36134825  0.3614364 ]
 [ 0.47495304  0.47164892  0.06513749  0.21835373]]
1
4.64662365119
[[  1.55805473e-02   8.86738106e-02   1.12460030e-02   0.00000000e+00]
 [ -4.86757986e-01  -5.31395044e+01   5.42972988e-02   1.44924914e+01]
 [  6.25331077e+00  -3.42961785e-01   0.00000000e+00   1.15917522e-01]
 [  1.49707025e-01   2.16842746e+01  -2.53181522e-01  -2.71374974e+01]
 [ -8.81647806e-02   1.76526069e-01   6.25962220e+00  -1.78654522e-01]
 [ -7.90983430e-02  -6.45535671e-02  -7.36283173e-02  -7.93912520e-02]
 [ -2.41332384e-02  -4.17882300e-02  -3.13695700e-02  -2.54341503e-02]
 [  0.00000000e+00   1.55470149e-02   0.00000000e+00   0.00000000e+00]
 [ -1.88573344e-02  -2.23971653e-02   1.29065366e-02   1.36733746e-02]
 [ -3.71716729e-02  -3.17333205e-02  -3.39415961e-02  -4.16376865e-02]
 [  1.02944277e-01   1.93596074e-01   9.13401168e-02   9.11418850e-02]
 [ -2.72550533e-02  -6.24998663e-02  -2.92941817e-02  -4.15645020e-02]
 [  0.00000000e+00   2.89376830e-02   0.00000000e+00   0.00000000e+00]
 [  3.16051496e-02   1.47992983e-02   2.16924779e-02   3.60463650e-02]
 [  1.24511591e-02   3.56443959e-02   1.29342907e-02   2.67313731e-02]
 [ -8.75021178e-02   2.44988063e-01   0.00000000e+00  -9.53865772e-02]
 [ -7.62926892e-02  -7.70658803e-02  -3.65688450e-02  -3.54132225e-02]
 [  0.00000000e+00   2.29495221e-02  -1.14161932e-02  -1.78496059e-02]
 [  0.00000000e+00  -2.49410043e-02  -1.04030547e-02   0.00000000e+00]
 [ -1.72454741e-01  -2.49007979e-01  -1.59535637e-01  -7.01453235e-02]
 [  0.00000000e+00  -2.89087490e-02  -2.41576557e-02  -1.79399645e-02]
 [  0.00000000e+00  -1.29978100e-02   0.00000000e+00   2.50983272e-02]
 [ -2.22471714e-01   1.10613372e-01  -6.21242357e-02  -1.64561127e-01]
 [  1.36881544e-02  -6.18442276e-02   0.00000000e+00   8.14219021e-02]
 [  1.21421333e-01  -2.27669181e-01  -1.58413599e-02   1.29803841e-01]
 [ -7.82032627e-02   1.00474912e-01   2.42104819e-02  -1.61995421e-02]
 [ -5.70036953e-02  -4.26815547e-02  -7.45674922e-02  -8.60138442e-02]
 [  0.00000000e+00   0.00000000e+00   0.00000000e+00   0.00000000e+00]
 [  1.17693673e-02   2.93204135e-02  -4.76194266e-02  -7.72454416e-02]
 [  5.25661948e-02   6.39354147e-02   5.25173879e-02   5.47592172e-02]
 [ -1.46339917e-01  -6.55492740e-02  -1.38049397e-01  -1.18630368e-01]
 [ -6.70008918e-02  -5.35164364e-02  -8.54515271e-02  -1.16047424e-01]
 [  0.00000000e+00  -1.95929359e-02   0.00000000e+00   1.91608544e-02]
 [ -4.47326128e-02  -5.14560780e-02  -1.71800691e-02   0.00000000e+00]
 [  2.43534549e-02   6.55666184e-02   3.03819903e-02   2.75727207e-02]]
2
Finished successfully!, number of iterations:  2
0.0344759823155
[[  1.33533669e-02   3.82232159e-02   1.50689668e-02   3.28531779e-02]
 [ -5.16617364e-01  -5.26451450e+01   1.49581660e-01   1.43307856e+01]
 [  6.29130981e+00  -3.56136628e-01  -1.83195049e-02   1.03370801e-01]
 [  2.21093367e-01   2.15216856e+01  -2.83453507e-01  -2.70340179e+01]
 [ -6.78094227e-02   1.86691979e-01   6.27275285e+00  -2.42450075e-01]
 [ -9.21733884e-02  -8.54111488e-02  -8.73741226e-02  -7.70544876e-02]
 [ -2.07238614e-02  -4.66443697e-02  -2.50268189e-02  -2.28173342e-02]
 [  0.00000000e+00   1.33227332e-02   1.31597332e-02   0.00000000e+00]
 [ -1.87287549e-02  -2.09874871e-02   0.00000000e+00   0.00000000e+00]
 [ -3.01720685e-02  -3.71540468e-02  -2.91815396e-02  -2.43294171e-02]
 [  1.12778848e-01   1.53705540e-01   1.08407707e-01   1.23143110e-01]
 [ -2.14914980e-02  -6.50150272e-02  -3.15460324e-02  -2.07989781e-02]
 [  0.00000000e+00   1.79934156e-02   1.55806671e-02   1.01868520e-02]
 [  3.85197317e-02   0.00000000e+00   3.53894353e-02   5.63898246e-02]
 [  1.14244423e-02   1.13303009e-02   1.71395930e-02   1.61960392e-02]
 [ -9.04033390e-02   7.65407403e-01   6.43717129e-02  -2.39322049e-01]
 [  0.00000000e+00  -1.00998652e-01  -6.78569487e-02  -3.58956044e-02]
 [  0.00000000e+00   2.26773349e-02   0.00000000e+00  -1.57388805e-02]
 [  0.00000000e+00  -1.97096434e-02   0.00000000e+00   0.00000000e+00]
 [ -1.39839227e-01  -5.25296848e-01  -2.06794817e-01   2.51417199e-02]
 [ -2.41755334e-02  -2.74167530e-02   1.19653961e-02   0.00000000e+00]
 [  1.53457829e-02   0.00000000e+00   1.96572912e-02   1.90309662e-02]
 [ -2.56654778e-01   3.31162848e-01   0.00000000e+00  -3.10406823e-01]
 [  3.29227230e-02  -5.56259868e-02   0.00000000e+00   5.34866083e-02]
 [  1.74094890e-01  -2.77775094e-01  -1.19314380e-02   2.20788423e-01]
 [ -6.32121818e-02   9.35053788e-02   3.64919358e-02  -5.18028781e-02]
 [ -5.85279371e-02  -3.34385732e-02  -6.21851826e-02  -6.88708287e-02]
 [  0.00000000e+00   0.00000000e+00   0.00000000e+00   0.00000000e+00]
 [  0.00000000e+00  -3.32436431e-02  -5.78635183e-02  -1.54741832e-02]
 [  5.16632739e-02   6.41893288e-02   6.14533265e-02   5.17069090e-02]
 [ -1.37081823e-01  -4.40294199e-02  -1.07184022e-01  -1.81251950e-01]
 [ -8.80619827e-02   0.00000000e+00  -6.32826108e-02  -1.10822415e-01]
 [  0.00000000e+00  -1.11016097e-02   0.00000000e+00   0.00000000e+00]
 [ -2.36686949e-02  -4.81451174e-02  -2.42977057e-02  -2.25531184e-02]
 [  2.44763230e-02   4.41529446e-02   2.75920809e-02   1.20626213e-02]]
Time taken for 4D intervals exp:  51.27504253387451 , number of intervals:  9
Avg AR burnin:  0.24245 , Avg AR sampling:  0.041045

 Estimated ordinary:  [[ -1.47937602e-03  -2.58061432e-02   9.97587946e-01   1.79268941e-02
    6.97776258e-03  -1.03731507e-02  -3.29830499e-03   0.00000000e+00
   -2.98077391e-03  -4.80203385e-03   1.26920796e-02  -3.42047815e-03
    0.00000000e+00   6.13060570e-03   1.28570147e-03  -5.87393286e-03
    0.00000000e+00   0.00000000e+00   0.00000000e+00  -1.57374422e-02
   -3.84765564e-03   1.72700734e-03  -2.88838105e-02   3.70510809e-03
    1.13117691e-02  -7.11386983e-03  -9.31501050e-03   0.00000000e+00
    0.00000000e+00   8.22246542e-03  -1.54271252e-02  -9.91045498e-03
    0.00000000e+00  -2.66366403e-03   1.59034256e-03]
 [ -4.37684673e-03  -8.56775250e+00  -3.39631835e-02   3.54396263e+00
    1.55384722e-02  -9.61213136e-03  -7.42368200e-03   1.49933426e-03
   -3.34026232e-03  -5.91325021e-03   1.72979507e-02  -1.03474629e-02
    2.86374104e-03   0.00000000e+00   1.27510685e-03   4.97321420e-02
   -1.13663418e-02   2.55209683e-03  -1.28062883e-03  -5.91166654e-02
   -4.36351177e-03   0.00000000e+00   3.72689144e-02  -6.26012294e-03
   -1.80483627e-02   1.05230523e-02  -5.32191421e-03   0.00000000e+00
   -5.29089013e-03   1.02160490e-02  -4.95505064e-03   0.00000000e+00
   -1.24937005e-03  -5.41822935e-03   2.86882581e-03]
 [ -3.37868160e-03   1.83808518e-02   4.72094999e-03  -1.89924771e-02
    1.00091691e+00  -9.83304353e-03  -3.98314194e-03   1.48099031e-03
    0.00000000e+00  -4.64438628e-03   1.22001535e-02  -5.02070699e-03
    2.47974019e-03   5.63240356e-03   1.92888190e-03   4.18253489e-03
   -7.63658976e-03   0.00000000e+00   0.00000000e+00  -2.32725935e-02
    1.90435194e-03   2.21222250e-03   0.00000000e+00   0.00000000e+00
   -7.75242006e-04   4.10678565e-03  -9.89707920e-03   0.00000000e+00
   -9.20926496e-03   9.78060068e-03  -1.20624405e-02  -7.12179588e-03
    0.00000000e+00  -2.73445261e-03   1.79278810e-03]
 [ -1.78074148e-03   2.37664122e+00   1.44722905e-02  -4.34806764e+00
   -1.47105416e-02  -8.67167656e-03  -3.63149153e-03   0.00000000e+00
    0.00000000e+00  -3.87214700e-03   1.38584689e-02  -3.31026018e-03
    1.62128786e-03   8.97471932e-03   1.82269479e-03  -1.55498863e-02
   -4.03967479e-03  -1.77124637e-03   0.00000000e+00   2.82943758e-03
    0.00000000e+00   2.14173617e-03  -3.49330409e-02   6.01935827e-03
    1.43456689e-02  -5.82987205e-03  -1.09611328e-02   0.00000000e+00
   -2.46279275e-03   8.22941015e-03  -2.03980110e-02  -1.24719035e-02
    0.00000000e+00  -2.53811756e-03   7.83765607e-04]] 
 True ordinary:  [[ 0.          0.          1.          0.          0.          0.          0.
   0.          0.          0.          0.          0.          0.          0.
   0.          0.          0.          0.          0.          0.          0.
   0.          0.          0.          0.          0.          0.          0.
   0.          0.          0.          0.          0.          0.          0.        ]
 [ 0.         -8.5         0.          3.5         0.          0.          0.
   0.          0.          0.          0.          0.          0.          0.
   0.          0.          0.          0.          0.          0.          0.
   0.          0.          0.          0.          0.          0.          0.
   0.          0.          0.          0.          0.          0.          0.        ]
 [ 0.          0.          0.          0.          1.          0.          0.
   0.          0.          0.          0.          0.          0.          0.
   0.          0.          0.          0.          0.          0.          0.
   0.          0.          0.          0.          0.          0.          0.
   0.          0.          0.          0.          0.          0.          0.        ]
 [ 0.          2.33333333  0.         -4.33333333  0.          0.          0.
   0.          0.          0.          0.          0.          0.          0.
   0.          0.          0.          0.          0.          0.          0.
   0.          0.          0.          0.          0.          0.          0.
   0.          0.          0.          0.          0.          0.          0.        ]]

 Estimated hermite:  [[  1.33533669e-02  -5.16617364e-01   6.29130981e+00   2.21093367e-01
   -6.78094227e-02  -9.21733884e-02  -2.07238614e-02   0.00000000e+00
   -1.87287549e-02  -3.01720685e-02   1.12778848e-01  -2.14914980e-02
    0.00000000e+00   3.85197317e-02   1.14244423e-02  -9.04033390e-02
    0.00000000e+00   0.00000000e+00   0.00000000e+00  -1.39839227e-01
   -2.41755334e-02   1.53457829e-02  -2.56654778e-01   3.29227230e-02
    1.74094890e-01  -6.32121818e-02  -5.85279371e-02   0.00000000e+00
    0.00000000e+00   5.16632739e-02  -1.37081823e-01  -8.80619827e-02
    0.00000000e+00  -2.36686949e-02   2.44763230e-02]
 [  3.82232159e-02  -5.26451450e+01  -3.56136628e-01   2.15216856e+01
    1.86691979e-01  -8.54111488e-02  -4.66443697e-02   1.33227332e-02
   -2.09874871e-02  -3.71540468e-02   1.53705540e-01  -6.50150272e-02
    1.79934156e-02   0.00000000e+00   1.13303009e-02   7.65407403e-01
   -1.00998652e-01   2.26773349e-02  -1.97096434e-02  -5.25296848e-01
   -2.74167530e-02   0.00000000e+00   3.31162848e-01  -5.56259868e-02
   -2.77775094e-01   9.35053788e-02  -3.34385732e-02   0.00000000e+00
   -3.32436431e-02   6.41893288e-02  -4.40294199e-02   0.00000000e+00
   -1.11016097e-02  -4.81451174e-02   4.41529446e-02]
 [  1.50689668e-02   1.49581660e-01  -1.83195049e-02  -2.83453507e-01
    6.27275285e+00  -8.73741226e-02  -2.50268189e-02   1.31597332e-02
    0.00000000e+00  -2.91815396e-02   1.08407707e-01  -3.15460324e-02
    1.55806671e-02   3.53894353e-02   1.71395930e-02   6.43717129e-02
   -6.78569487e-02   0.00000000e+00   0.00000000e+00  -2.06794817e-01
    1.19653961e-02   1.96572912e-02   0.00000000e+00   0.00000000e+00
   -1.19314380e-02   3.64919358e-02  -6.21851826e-02   0.00000000e+00
   -5.78635183e-02   6.14533265e-02  -1.07184022e-01  -6.32826108e-02
    0.00000000e+00  -2.42977057e-02   2.75920809e-02]
 [  3.28531779e-02   1.43307856e+01   1.03370801e-01  -2.70340179e+01
   -2.42450075e-01  -7.70544876e-02  -2.28173342e-02   0.00000000e+00
    0.00000000e+00  -2.43294171e-02   1.23143110e-01  -2.07989781e-02
    1.01868520e-02   5.63898246e-02   1.61960392e-02  -2.39322049e-01
   -3.58956044e-02  -1.57388805e-02   0.00000000e+00   2.51417199e-02
    0.00000000e+00   1.90309662e-02  -3.10406823e-01   5.34866083e-02
    2.20788423e-01  -5.18028781e-02  -6.88708287e-02   0.00000000e+00
   -1.54741832e-02   5.17069090e-02  -1.81251950e-01  -1.10822415e-01
    0.00000000e+00  -2.25531184e-02   1.20626213e-02]] 
 True hermite:  [[  0.           0.           6.28318531   0.           0.           0.
    0.           0.           0.           0.           0.           0.
    0.           0.           0.           0.           0.           0.
    0.           0.           0.           0.           0.           0.
    0.           0.           0.           0.           0.           0.
    0.           0.           0.           0.           0.        ]
 [  0.         -53.40707511   0.          21.99114858   0.           0.
    0.           0.           0.           0.           0.           0.
    0.           0.           0.           0.           0.           0.
    0.           0.           0.           0.           0.           0.
    0.           0.           0.           0.           0.           0.
    0.           0.           0.           0.           0.        ]
 [  0.           0.           0.           0.           6.28318531   0.
    0.           0.           0.           0.           0.           0.
    0.           0.           0.           0.           0.           0.
    0.           0.           0.           0.           0.           0.
    0.           0.           0.           0.           0.           0.
    0.           0.           0.           0.           0.        ]
 [  0.          14.66076572   0.         -27.22713633   0.           0.
    0.           0.           0.           0.           0.           0.
    0.           0.           0.           0.           0.           0.
    0.           0.           0.           0.           0.           0.
    0.           0.           0.           0.           0.           0.
    0.           0.           0.           0.           0.        ]]


