My SLURM_ARRAY_TASK_ID:  4
Data shape: (10, 101, 4)
Theta shape: (35, 4)
Theta: [[ 0.21816748  0.30526209  0.45863045  0.43011966]
 [ 0.30465067  0.10757532  0.31863094  0.24434605]
 [ 0.17583444  0.42167099  0.15657092  0.04208299]
 [ 0.43658122  0.26715563  0.31210005  0.2738562 ]
 [ 0.22586083  0.46751861  0.16805744  0.48469102]
 [ 0.28096159  0.40457778  0.10486275  0.0219489 ]
 [ 0.19339616  0.36894054  0.42180204  0.04445268]
 [ 0.29701176  0.44668637  0.09012114  0.33775511]
 [ 0.2147364   0.15150064  0.45486918  0.47059706]
 [ 0.14850879  0.22282884  0.34965372  0.48312994]
 [ 0.10083989  0.21150077  0.42207022  0.20823374]
 [ 0.16870011  0.43506789  0.46636998  0.16801663]
 [ 0.42350799  0.36645167  0.4127918   0.10178485]
 [ 0.08148214  0.18154647  0.17267521  0.17823482]
 [ 0.42847054  0.22482355  0.4976023   0.1243773 ]
 [ 0.25437924  0.06410659  0.18056147  0.1215576 ]
 [ 0.14134944  0.32423808  0.3429602   0.30601683]
 [ 0.49885704  0.11373717  0.3674059   0.33718163]
 [ 0.38642064  0.06184504  0.18468631  0.43503945]
 [ 0.49228375  0.23739527  0.43569219  0.2728013 ]
 [ 0.0535424   0.48901591  0.20444246  0.48355016]
 [ 0.29603255  0.48123345  0.09655454  0.24743539]
 [ 0.46567784  0.32807703  0.3747002   0.00208002]
 [ 0.04990312  0.2468506   0.31686101  0.05884543]
 [ 0.26157468  0.24225653  0.41424419  0.04703083]
 [ 0.29713254  0.2852153   0.10359922  0.10396654]
 [ 0.31824599  0.34274727  0.45104002  0.26855311]
 [ 0.17288187  0.27880144  0.29683929  0.22174821]
 [ 0.37132042  0.36208608  0.26878693  0.42403674]
 [ 0.05561457  0.27604467  0.24386784  0.02368951]
 [ 0.19271038  0.21789453  0.31482995  0.33505498]
 [ 0.38422336  0.18247488  0.34255438  0.36592786]
 [ 0.31556389  0.05529867  0.43561623  0.44282783]
 [ 0.24981313  0.24595393  0.28888588  0.36205547]
 [ 0.21123122  0.42354296  0.25674062  0.48914024]]
1
4.41167843272
[[  1.71639328e-02   0.00000000e+00   1.65624373e-02   6.33972834e-02]
 [ -9.12231187e-01  -5.32563692e+01   3.12307960e-01   1.45197059e+01]
 [  6.24554740e+00  -8.27009620e-01   1.50597628e-02   2.47997784e-01]
 [  3.92244018e-01   2.18570276e+01  -5.01397722e-01  -2.71949094e+01]
 [ -3.00475998e-02   4.13248171e-01   6.26483368e+00  -4.75885177e-01]
 [ -7.23836880e-02  -9.78267738e-02  -7.31462233e-02  -2.98301251e-02]
 [ -2.84120036e-02  -6.75731397e-02  -1.68750050e-02  -2.68981223e-02]
 [  0.00000000e+00   0.00000000e+00   1.02719054e-02   0.00000000e+00]
 [ -1.94313319e-02   0.00000000e+00   1.49368867e-02  -1.52694862e-02]
 [ -3.28420531e-02  -3.29117586e-02  -3.88221303e-02  -3.31505681e-02]
 [  9.56632794e-02   9.59765904e-02   1.01676549e-01   1.30750887e-01]
 [ -2.09536531e-02  -9.46073681e-02  -3.46166650e-02  -1.34133405e-02]
 [  0.00000000e+00   1.58981227e-02   1.02104357e-02   1.25621019e-02]
 [  2.15810617e-02   0.00000000e+00   3.49006337e-02   4.77095171e-02]
 [  1.74871328e-02   2.76523711e-02   1.44052761e-02   1.82730780e-02]
 [ -1.23610792e-01   1.33462488e-01   1.23997970e-01  -3.98775204e-02]
 [ -5.88657338e-02  -1.76316789e-01   0.00000000e+00   0.00000000e+00]
 [ -2.90932566e-02   0.00000000e+00  -1.16109974e-02  -3.06536610e-02]
 [ -1.15468744e-02  -3.01821048e-02  -1.53802556e-02   0.00000000e+00]
 [ -1.06480987e-01  -9.55409376e-02  -1.97802282e-01  -1.68213468e-01]
 [  1.92543611e-02  -1.05995527e-02  -3.34720735e-02  -2.77834865e-02]
 [  1.62447660e-02   0.00000000e+00   0.00000000e+00   1.99076991e-02]
 [ -2.53178183e-01  -8.95428775e-02   0.00000000e+00  -1.47025121e-01]
 [ -2.61998048e-02  -1.60692175e-01  -1.17085223e-02   1.07079354e-01]
 [  1.77357866e-01  -6.65300354e-02  -5.13578221e-02   1.03084691e-01]
 [  0.00000000e+00   1.27584872e-01   2.11136546e-02  -9.84057607e-02]
 [ -8.00968450e-02  -7.65126873e-02  -6.58124219e-02  -7.77373247e-02]
 [ -1.10364971e-02  -1.61241212e-02   0.00000000e+00   0.00000000e+00]
 [ -4.06471436e-02  -7.30935062e-02  -6.92007668e-02   0.00000000e+00]
 [  5.44050212e-02   7.17536115e-02   5.14947743e-02   5.73274975e-02]
 [ -1.18674651e-01   4.77547298e-02  -1.16054957e-01  -1.93289532e-01]
 [ -1.13253307e-01  -7.48646997e-02  -6.14914661e-02  -1.15483175e-01]
 [  0.00000000e+00  -2.60253343e-02   0.00000000e+00   1.31544230e-02]
 [ -1.28103410e-02   0.00000000e+00  -4.83881919e-02  -3.82694694e-02]
 [  2.91580442e-02   6.49170914e-02   2.10692084e-02   0.00000000e+00]]
2
Finished successfully!, number of iterations:  2
0.0496987379667
[[  0.00000000e+00   2.80042595e-02   1.99540122e-02   2.43174143e-02]
 [ -1.12951058e+00  -5.25461572e+01   3.73361722e-01   1.42655685e+01]
 [  6.28479013e+00  -8.14087244e-01  -2.49526429e-02   2.30846607e-01]
 [  5.23258287e-01   2.14547637e+01  -5.87532938e-01  -2.70170735e+01]
 [ -6.13632741e-02   4.11511004e-01   6.26164568e+00  -4.55400639e-01]
 [ -9.30891092e-02  -7.99283718e-02  -7.74712422e-02  -7.66532247e-02]
 [ -2.08316630e-02  -5.29757334e-02  -2.65319459e-02  -2.07587130e-02]
 [  0.00000000e+00   1.17806871e-02   1.19370279e-02   0.00000000e+00]
 [ -2.67719247e-02  -2.36922626e-02   0.00000000e+00   0.00000000e+00]
 [ -2.94415304e-02  -5.07629491e-02  -3.00530578e-02  -2.22482622e-02]
 [  1.04308084e-01   1.25947763e-01   1.09896533e-01   1.11901396e-01]
 [ -1.62738331e-02  -7.74117661e-02  -2.82293905e-02  -1.11909219e-02]
 [  0.00000000e+00   1.42568070e-02   1.33647437e-02   1.00755167e-02]
 [  3.77875396e-02  -2.76069640e-02   3.17472924e-02   6.26263088e-02]
 [  1.68823384e-02   0.00000000e+00   1.57777473e-02   1.92803961e-02]
 [ -2.63388354e-01   7.95980411e-01   1.49513772e-01  -2.79524239e-01]
 [  0.00000000e+00  -1.72499932e-01  -7.36129908e-02  -1.62115490e-02]
 [ -2.24830491e-02   3.07722660e-02   0.00000000e+00  -2.31532547e-02]
 [  0.00000000e+00  -3.89943379e-02   0.00000000e+00   0.00000000e+00]
 [ -8.09270898e-02  -5.08711850e-01  -2.50295502e-01   0.00000000e+00]
 [ -2.49971593e-02  -3.19579395e-02   0.00000000e+00   0.00000000e+00]
 [  2.04172448e-02   0.00000000e+00   1.08471214e-02   2.06028955e-02]
 [ -3.84057783e-01   3.58935476e-01   6.66790179e-02  -3.18125238e-01]
 [  3.21401499e-02  -1.58874758e-01  -1.39455440e-02   8.96251215e-02]
 [  2.89178740e-01  -3.22543298e-01  -9.93541095e-02   2.29049558e-01]
 [ -6.21236055e-02   1.42905376e-01   2.86299112e-02  -7.09861268e-02]
 [ -7.38887973e-02  -1.42179494e-02  -5.23789740e-02  -7.72792586e-02]
 [  0.00000000e+00  -2.07302327e-02   0.00000000e+00   0.00000000e+00]
 [ -1.56143311e-02  -3.24362261e-02  -5.56383573e-02  -2.20269363e-02]
 [  6.10723599e-02   5.80490045e-02   5.37438142e-02   5.48591775e-02]
 [ -1.29990443e-01   2.72883818e-02  -1.12602297e-01  -1.94130020e-01]
 [ -1.24870141e-01   3.78298451e-02  -4.65490683e-02  -1.22408337e-01]
 [  0.00000000e+00  -3.14395278e-02   0.00000000e+00   1.29752388e-02]
 [  0.00000000e+00  -5.08382488e-02  -4.55522749e-02  -2.07093709e-02]
 [  2.35750618e-02   7.76555654e-02   2.44493469e-02   0.00000000e+00]]
Time taken for 4D intervals exp:  47.97467494010925 , number of intervals:  4
Avg AR burnin:  0.31365 , Avg AR sampling:  0.136985

 Estimated ordinary:  [[ -3.16250885e-03  -6.86216818e-02   9.96638378e-01   3.37209583e-02
    7.25880809e-03  -1.04762055e-02  -3.31546214e-03   0.00000000e+00
   -4.26088416e-03  -4.68576509e-03   1.17387837e-02  -2.59006098e-03
    0.00000000e+00   6.01407372e-03   1.89993059e-03  -1.71135881e-02
    0.00000000e+00  -2.53023200e-03   0.00000000e+00  -9.10749743e-03
   -3.97842147e-03   2.29774733e-03  -4.32216861e-02   3.61703767e-03
    1.87893116e-02  -6.99136195e-03  -1.17597673e-02   0.00000000e+00
   -2.48509798e-03   9.71996797e-03  -1.46290646e-02  -1.40528282e-02
    0.00000000e+00   0.00000000e+00   1.53178336e-03]
 [ -2.04777790e-03  -8.56625138e+00  -8.11341239e-02   3.54047471e+00
    3.35365052e-02  -8.99510216e-03  -8.43134984e-03   1.32579310e-03
   -3.77074070e-03  -8.07917427e-03   1.41741033e-02  -1.23204652e-02
    2.26904131e-03  -4.39378478e-03   0.00000000e+00   5.17186150e-02
   -1.94130629e-02   3.46309665e-03  -2.53364671e-03  -5.72501974e-02
   -5.08626404e-03   0.00000000e+00   4.03944332e-02  -1.78796921e-02
   -2.09571648e-02   1.60825052e-02  -2.26285694e-03  -2.33297085e-03
   -5.16238573e-03   9.23878601e-03   3.07102192e-03   4.25735334e-03
   -3.53818998e-03  -5.72131312e-03   5.04564966e-03]
 [ -3.59235563e-03   2.80130959e-02   5.88246073e-03  -4.20684084e-02
    1.00125631e+00  -8.71857793e-03  -4.22269034e-03   1.34338762e-03
    0.00000000e+00  -4.78309271e-03   1.23677052e-02  -4.49284703e-03
    2.12706502e-03   5.05273851e-03   1.77562042e-03   9.71461748e-03
   -8.28437209e-03   0.00000000e+00   0.00000000e+00  -2.81681405e-02
    0.00000000e+00   1.22073005e-03   7.50402597e-03  -1.56942511e-03
   -6.45550678e-03   3.22199702e-03  -8.33637262e-03   0.00000000e+00
   -8.85511958e-03   8.55359369e-03  -1.26722106e-02  -5.23861071e-03
    0.00000000e+00  -5.12643204e-03   1.58858980e-03]
 [ -2.26638318e-03   2.37710489e+00   2.70182216e-02  -4.34453612e+00
   -4.26432136e-02  -8.62651862e-03  -3.30385179e-03   0.00000000e+00
    0.00000000e+00  -3.54092091e-03   1.25933316e-02  -1.78109054e-03
    1.60356829e-03   9.96728662e-03   2.16980690e-03  -1.81620129e-02
   -1.82444025e-03  -2.60565663e-03   0.00000000e+00   0.00000000e+00
    0.00000000e+00   2.31864037e-03  -3.58016678e-02   1.00863699e-02
    1.48824340e-02  -7.98874602e-03  -1.22993760e-02   0.00000000e+00
   -3.50569579e-03   8.73110927e-03  -2.18473031e-02  -1.37757778e-02
    1.46022739e-03  -2.33062307e-03   0.00000000e+00]] 
 True ordinary:  [[ 0.          0.          1.          0.          0.          0.          0.
   0.          0.          0.          0.          0.          0.          0.
   0.          0.          0.          0.          0.          0.          0.
   0.          0.          0.          0.          0.          0.          0.
   0.          0.          0.          0.          0.          0.          0.        ]
 [ 0.         -8.5         0.          3.5         0.          0.          0.
   0.          0.          0.          0.          0.          0.          0.
   0.          0.          0.          0.          0.          0.          0.
   0.          0.          0.          0.          0.          0.          0.
   0.          0.          0.          0.          0.          0.          0.        ]
 [ 0.          0.          0.          0.          1.          0.          0.
   0.          0.          0.          0.          0.          0.          0.
   0.          0.          0.          0.          0.          0.          0.
   0.          0.          0.          0.          0.          0.          0.
   0.          0.          0.          0.          0.          0.          0.        ]
 [ 0.          2.33333333  0.         -4.33333333  0.          0.          0.
   0.          0.          0.          0.          0.          0.          0.
   0.          0.          0.          0.          0.          0.          0.
   0.          0.          0.          0.          0.          0.          0.
   0.          0.          0.          0.          0.          0.          0.        ]]

 Estimated hermite:  [[  0.00000000e+00  -1.12951058e+00   6.28479013e+00   5.23258287e-01
   -6.13632741e-02  -9.30891092e-02  -2.08316630e-02   0.00000000e+00
   -2.67719247e-02  -2.94415304e-02   1.04308084e-01  -1.62738331e-02
    0.00000000e+00   3.77875396e-02   1.68823384e-02  -2.63388354e-01
    0.00000000e+00  -2.24830491e-02   0.00000000e+00  -8.09270898e-02
   -2.49971593e-02   2.04172448e-02  -3.84057783e-01   3.21401499e-02
    2.89178740e-01  -6.21236055e-02  -7.38887973e-02   0.00000000e+00
   -1.56143311e-02   6.10723599e-02  -1.29990443e-01  -1.24870141e-01
    0.00000000e+00   0.00000000e+00   2.35750618e-02]
 [  2.80042595e-02  -5.25461572e+01  -8.14087244e-01   2.14547637e+01
    4.11511004e-01  -7.99283718e-02  -5.29757334e-02   1.17806871e-02
   -2.36922626e-02  -5.07629491e-02   1.25947763e-01  -7.74117661e-02
    1.42568070e-02  -2.76069640e-02   0.00000000e+00   7.95980411e-01
   -1.72499932e-01   3.07722660e-02  -3.89943379e-02  -5.08711850e-01
   -3.19579395e-02   0.00000000e+00   3.58935476e-01  -1.58874758e-01
   -3.22543298e-01   1.42905376e-01  -1.42179494e-02  -2.07302327e-02
   -3.24362261e-02   5.80490045e-02   2.72883818e-02   3.78298451e-02
   -3.14395278e-02  -5.08382488e-02   7.76555654e-02]
 [  1.99540122e-02   3.73361722e-01  -2.49526429e-02  -5.87532938e-01
    6.26164568e+00  -7.74712422e-02  -2.65319459e-02   1.19370279e-02
    0.00000000e+00  -3.00530578e-02   1.09896533e-01  -2.82293905e-02
    1.33647437e-02   3.17472924e-02   1.57777473e-02   1.49513772e-01
   -7.36129908e-02   0.00000000e+00   0.00000000e+00  -2.50295502e-01
    0.00000000e+00   1.08471214e-02   6.66790179e-02  -1.39455440e-02
   -9.93541095e-02   2.86299112e-02  -5.23789740e-02   0.00000000e+00
   -5.56383573e-02   5.37438142e-02  -1.12602297e-01  -4.65490683e-02
    0.00000000e+00  -4.55522749e-02   2.44493469e-02]
 [  2.43174143e-02   1.42655685e+01   2.30846607e-01  -2.70170735e+01
   -4.55400639e-01  -7.66532247e-02  -2.07587130e-02   0.00000000e+00
    0.00000000e+00  -2.22482622e-02   1.11901396e-01  -1.11909219e-02
    1.00755167e-02   6.26263088e-02   1.92803961e-02  -2.79524239e-01
   -1.62115490e-02  -2.31532547e-02   0.00000000e+00   0.00000000e+00
    0.00000000e+00   2.06028955e-02  -3.18125238e-01   8.96251215e-02
    2.29049558e-01  -7.09861268e-02  -7.72792586e-02   0.00000000e+00
   -2.20269363e-02   5.48591775e-02  -1.94130020e-01  -1.22408337e-01
    1.29752388e-02  -2.07093709e-02   0.00000000e+00]] 
 True hermite:  [[  0.           0.           6.28318531   0.           0.           0.
    0.           0.           0.           0.           0.           0.
    0.           0.           0.           0.           0.           0.
    0.           0.           0.           0.           0.           0.
    0.           0.           0.           0.           0.           0.
    0.           0.           0.           0.           0.        ]
 [  0.         -53.40707511   0.          21.99114858   0.           0.
    0.           0.           0.           0.           0.           0.
    0.           0.           0.           0.           0.           0.
    0.           0.           0.           0.           0.           0.
    0.           0.           0.           0.           0.           0.
    0.           0.           0.           0.           0.        ]
 [  0.           0.           0.           0.           6.28318531   0.
    0.           0.           0.           0.           0.           0.
    0.           0.           0.           0.           0.           0.
    0.           0.           0.           0.           0.           0.
    0.           0.           0.           0.           0.           0.
    0.           0.           0.           0.           0.        ]
 [  0.          14.66076572   0.         -27.22713633   0.           0.
    0.           0.           0.           0.           0.           0.
    0.           0.           0.           0.           0.           0.
    0.           0.           0.           0.           0.           0.
    0.           0.           0.           0.           0.           0.
    0.           0.           0.           0.           0.        ]]


