My SLURM_ARRAY_TASK_ID:  2
Data shape: (10, 101, 4)
Theta shape: (35, 4)
Theta: [[ 0.46593619  0.35307543  0.15631477  0.28721492]
 [ 0.38079013  0.47969087  0.42600423  0.37863627]
 [ 0.04576967  0.49992579  0.03509064  0.119486  ]
 [ 0.24766297  0.40421341  0.14907875  0.43363169]
 [ 0.03537369  0.45022478  0.15625176  0.3031215 ]
 [ 0.04577157  0.01030517  0.44233127  0.0703012 ]
 [ 0.10242067  0.34641907  0.29388094  0.28837537]
 [ 0.35341507  0.35941582  0.04683698  0.25531384]
 [ 0.21143954  0.17777428  0.37152894  0.46255348]
 [ 0.28230457  0.19030347  0.2417843   0.07497356]
 [ 0.10783762  0.47566282  0.26248594  0.31078269]
 [ 0.10327719  0.17687782  0.23744554  0.27058433]
 [ 0.1092625   0.04351696  0.2734639   0.19513087]
 [ 0.00648651  0.34997548  0.07424534  0.4276945 ]
 [ 0.14347939  0.44968892  0.01995539  0.09348712]
 [ 0.14904048  0.33595846  0.36311308  0.05518071]
 [ 0.48762718  0.27370375  0.32452164  0.21903377]
 [ 0.49052314  0.16118761  0.39383364  0.45131567]
 [ 0.01928463  0.22339184  0.04673673  0.35811236]
 [ 0.19411222  0.37210873  0.06740796  0.1113206 ]
 [ 0.3995669   0.39985959  0.01611521  0.00518709]
 [ 0.17148391  0.42892196  0.34107435  0.38439609]
 [ 0.01990975  0.27543704  0.3060362   0.02567838]
 [ 0.37064133  0.02415204  0.47912338  0.4746452 ]
 [ 0.36315261  0.22334418  0.48535282  0.44889094]
 [ 0.48859662  0.04036791  0.33411145  0.20583605]
 [ 0.27265677  0.22050403  0.06933979  0.04181046]
 [ 0.33300425  0.34051457  0.24462047  0.12787408]
 [ 0.06628473  0.18725112  0.43786979  0.2804618 ]
 [ 0.15553575  0.29921321  0.01740848  0.08648548]
 [ 0.17485609  0.15564256  0.09680514  0.36645293]
 [ 0.22643317  0.07888195  0.03260343  0.45082516]
 [ 0.40626303  0.37044518  0.08581366  0.13075995]
 [ 0.30789674  0.21821136  0.46650937  0.39453901]
 [ 0.01808905  0.41326944  0.17643259  0.06553714]]
1
4.94306391248
[[  1.33005912e-02   3.71400326e-02   3.01805014e-02   0.00000000e+00]
 [ -1.75645697e+00  -5.30562246e+01   6.34309968e-01   1.45052689e+01]
 [  6.22795445e+00  -1.56500911e+00   0.00000000e+00   4.24607281e-01]
 [  8.27058477e-01   2.15838381e+01  -9.95748806e-01  -2.70820993e+01]
 [  0.00000000e+00   7.32258768e-01   6.25746161e+00  -8.09596751e-01]
 [ -7.24469247e-02  -5.22158160e-02  -7.28963905e-02  -8.36875007e-02]
 [ -1.92751480e-02  -7.34725328e-02  -3.26101728e-02  -2.07088635e-02]
 [  0.00000000e+00   0.00000000e+00   0.00000000e+00   1.08351807e-02]
 [ -2.09954825e-02  -2.34722925e-02   0.00000000e+00   1.07217166e-02]
 [ -3.49356874e-02  -7.07988515e-02  -3.64223894e-02  -1.57958291e-02]
 [  8.85524954e-02   1.12329707e-01   1.24058244e-01   9.58867561e-02]
 [ -1.71155736e-02  -8.13948514e-02  -3.53636052e-02  -1.71694195e-02]
 [  1.08309964e-02   1.26384673e-02   0.00000000e+00   0.00000000e+00]
 [  2.91009987e-02  -4.70069456e-02   3.32338189e-02   6.14230569e-02]
 [  1.91656332e-02   1.22282684e-02   1.34635547e-02   1.68854619e-02]
 [ -2.31168713e-01   1.17743844e-01   1.90042364e-01  -1.18099986e-02]
 [ -7.89981313e-02  -2.63467383e-01  -3.24145465e-02   3.04871787e-02]
 [ -4.28416533e-02   1.47421524e-02   0.00000000e+00  -2.62611576e-02]
 [  0.00000000e+00  -5.96769936e-02  -1.21694273e-02   1.01272048e-02]
 [ -8.30432145e-02  -1.87495064e-01  -2.72101938e-01  -1.40085761e-01]
 [  0.00000000e+00  -3.63623197e-02  -2.21786352e-02   0.00000000e+00]
 [  2.35626957e-02  -1.66062600e-02   0.00000000e+00   2.26026681e-02]
 [ -3.72371518e-01   0.00000000e+00   1.07900308e-01  -1.28988682e-01]
 [  0.00000000e+00  -2.59194528e-01  -1.41460198e-02   9.45609541e-02]
 [  3.25082119e-01  -1.78720495e-01  -1.41017195e-01   1.54639492e-01]
 [  0.00000000e+00   1.81855832e-01   1.94451895e-02  -6.30450130e-02]
 [ -8.49290713e-02  -5.38117795e-02  -4.62209906e-02  -7.47688472e-02]
 [ -1.03077521e-02  -3.68200223e-02   0.00000000e+00   0.00000000e+00]
 [ -5.66029661e-02  -5.02447638e-02  -6.49325215e-02   0.00000000e+00]
 [  6.42088832e-02   5.32945900e-02   3.58248464e-02   5.90769079e-02]
 [ -9.02972101e-02   8.12942818e-02  -1.09543298e-01  -2.25662821e-01]
 [ -1.35474794e-01  -3.89072614e-02  -4.01223125e-02  -9.59478069e-02]
 [  0.00000000e+00  -5.93931730e-02   0.00000000e+00   2.04560665e-02]
 [ -1.10594830e-02  -3.85141839e-02  -7.66681697e-02  -4.00667949e-02]
 [  2.04575706e-02   1.05763856e-01   1.98405938e-02   0.00000000e+00]]
2
Finished successfully!, number of iterations:  2
0.0496213254549
[[  0.00000000e+00   3.71389245e-02   2.72055259e-02   2.59193456e-02]
 [ -2.07867852e+00  -5.22508522e+01   7.24944298e-01   1.42193559e+01]
 [  6.25966700e+00  -1.59036669e+00  -1.84508660e-02   4.44330719e-01]
 [  9.85199593e-01   2.12331117e+01  -1.11855826e+00  -2.69579479e+01]
 [ -2.76569727e-02   7.39245961e-01   6.24141764e+00  -8.25364145e-01]
 [ -9.96487838e-02  -5.81748077e-02  -8.36483070e-02  -7.12280973e-02]
 [ -2.08284433e-02  -6.17534951e-02  -3.09136962e-02  -1.73735375e-02]
 [  0.00000000e+00   0.00000000e+00   0.00000000e+00   0.00000000e+00]
 [ -3.08653169e-02   0.00000000e+00   1.64310247e-02   0.00000000e+00]
 [ -3.04117325e-02  -6.79867723e-02  -3.01366220e-02  -1.06012844e-02]
 [  9.08301635e-02   1.22239373e-01   1.30399367e-01   1.07541657e-01]
 [ -1.36532415e-02  -8.74204476e-02  -3.05812199e-02   0.00000000e+00]
 [  1.27837009e-02   0.00000000e+00   0.00000000e+00   1.27710032e-02]
 [  3.59710979e-02  -5.09215696e-02   3.57925550e-02   6.68642242e-02]
 [  2.37981206e-02   0.00000000e+00   1.17646882e-02   1.86853692e-02]
 [ -4.67215887e-01   8.64267575e-01   2.56459133e-01  -2.53177457e-01]
 [ -1.28579203e-02  -2.55316764e-01  -7.09829325e-02   1.48953536e-02]
 [ -3.85713908e-02   3.46680333e-02   0.00000000e+00  -2.23297943e-02]
 [  0.00000000e+00  -6.06425280e-02   0.00000000e+00   1.49677586e-02]
 [  0.00000000e+00  -5.52083254e-01  -3.25926191e-01   2.18066980e-02]
 [ -2.42285540e-02  -1.99615021e-02   0.00000000e+00   0.00000000e+00]
 [  3.12273451e-02  -1.51671491e-02   0.00000000e+00   2.41307287e-02]
 [ -5.24139167e-01   4.56198244e-01   1.77677323e-01  -3.30254177e-01]
 [  2.06144916e-02  -2.94506576e-01  -1.13514546e-02   1.28047610e-01]
 [  4.35999854e-01  -4.21552051e-01  -2.39940128e-01   2.30836674e-01]
 [ -3.34716169e-02   1.71877130e-01   2.41473008e-02  -9.75106793e-02]
 [ -9.90928191e-02   0.00000000e+00  -3.87495250e-02  -7.52782276e-02]
 [  0.00000000e+00  -3.35455640e-02   0.00000000e+00   0.00000000e+00]
 [ -2.32162323e-02  -4.51577930e-02  -6.93174957e-02  -3.15959849e-02]
 [  7.43275724e-02   4.28897490e-02   4.41748468e-02   5.09848659e-02]
 [ -1.11496098e-01   8.97551446e-02  -1.23863755e-01  -2.04131329e-01]
 [ -1.75031604e-01   5.30130309e-02  -2.11205629e-02  -1.19189651e-01]
 [  0.00000000e+00  -5.18193947e-02   0.00000000e+00   1.79981824e-02]
 [  1.30464396e-02  -8.08144600e-02  -7.00844869e-02  -2.39085667e-02]
 [  2.29957986e-02   1.15473916e-01   1.75863630e-02  -2.93103401e-02]]
Time taken for 4D intervals exp:  48.68399238586426 , number of intervals:  2
Avg AR burnin:  0.3954 , Avg AR sampling:  0.256965

 Estimated ordinary:  [[ -1.68578607e-03  -1.56735116e-01   9.95384024e-01   6.68299109e-02
    7.43041837e-03  -1.12144282e-02  -3.31494971e-03   0.00000000e+00
   -4.91236776e-03  -4.84017755e-03   1.02219848e-02  -2.17298087e-03
    2.03458919e-03   5.72497805e-03   2.67822954e-03  -3.03572277e-02
   -1.44702442e-03  -4.34080656e-03   0.00000000e+00   0.00000000e+00
   -3.85609413e-03   3.51431104e-03  -5.89863805e-02   2.31994539e-03
    2.83289743e-02  -3.76688035e-03  -1.57711120e-02   0.00000000e+00
   -3.69497813e-03   1.18296006e-02  -1.25477196e-02  -1.96979761e-02
    0.00000000e+00   1.46824031e-03   1.49414588e-03]
 [ -1.29895322e-03  -8.54565601e+00  -1.73585427e-01   3.53445830e+00
    6.94772146e-02  -6.54696607e-03  -9.82837399e-03   0.00000000e+00
    0.00000000e+00  -1.08204309e-02   1.37567627e-02  -1.39133964e-02
    0.00000000e+00  -8.10441951e-03   0.00000000e+00   5.61555553e-02
   -2.87332311e-02   3.90152450e-03  -3.94023209e-03  -6.21311952e-02
   -3.17697173e-03  -1.70690398e-03   5.13403403e-02  -3.31436345e-02
   -2.73902322e-02   1.93429731e-02   0.00000000e+00  -3.77520232e-03
   -7.18708597e-03   6.82611557e-03   1.01010026e-02   5.96606209e-03
   -5.83173082e-03  -9.09482212e-03   7.50288694e-03]
 [ -2.25544137e-03   4.77695513e-02   6.32932748e-03  -8.66870788e-02
    1.00114651e+00  -9.41374196e-03  -4.92006755e-03   0.00000000e+00
    2.61507881e-03  -4.79639236e-03   1.46750847e-02  -4.86715231e-03
    0.00000000e+00   5.69656206e-03   1.32399260e-03   1.66633638e-02
   -7.98838654e-03   0.00000000e+00   0.00000000e+00  -3.66795835e-02
    0.00000000e+00   0.00000000e+00   1.99957241e-02  -1.27748747e-03
   -1.55900458e-02   2.71752611e-03  -6.16717844e-03   0.00000000e+00
   -1.10322221e-02   7.03064523e-03  -1.39395700e-02  -2.37689843e-03
    0.00000000e+00  -7.88727588e-03   1.14266925e-03]
 [ -2.06436213e-03   2.36552439e+00   4.96876094e-02  -4.33796543e+00
   -9.17008362e-02  -8.01597727e-03  -2.76508437e-03   0.00000000e+00
    0.00000000e+00  -1.68724682e-03   1.21026885e-02   0.00000000e+00
    2.03256829e-03   1.06417718e-02   2.10284284e-03  -1.64501378e-02
    1.67631624e-03  -2.51298477e-03   9.72526125e-04   2.45411575e-03
    0.00000000e+00   2.71566110e-03  -3.71666530e-02   1.44104191e-02
    1.49985514e-02  -1.09738069e-02  -1.19809020e-02   0.00000000e+00
   -5.02865718e-03   8.11449343e-03  -2.29728458e-02  -1.34135485e-02
    2.02550716e-03  -2.69065908e-03  -1.90443154e-03]] 
 True ordinary:  [[ 0.          0.          1.          0.          0.          0.          0.
   0.          0.          0.          0.          0.          0.          0.
   0.          0.          0.          0.          0.          0.          0.
   0.          0.          0.          0.          0.          0.          0.
   0.          0.          0.          0.          0.          0.          0.        ]
 [ 0.         -8.5         0.          3.5         0.          0.          0.
   0.          0.          0.          0.          0.          0.          0.
   0.          0.          0.          0.          0.          0.          0.
   0.          0.          0.          0.          0.          0.          0.
   0.          0.          0.          0.          0.          0.          0.        ]
 [ 0.          0.          0.          0.          1.          0.          0.
   0.          0.          0.          0.          0.          0.          0.
   0.          0.          0.          0.          0.          0.          0.
   0.          0.          0.          0.          0.          0.          0.
   0.          0.          0.          0.          0.          0.          0.        ]
 [ 0.          2.33333333  0.         -4.33333333  0.          0.          0.
   0.          0.          0.          0.          0.          0.          0.
   0.          0.          0.          0.          0.          0.          0.
   0.          0.          0.          0.          0.          0.          0.
   0.          0.          0.          0.          0.          0.          0.        ]]

 Estimated hermite:  [[  0.00000000e+00  -2.07867852e+00   6.25966700e+00   9.85199593e-01
   -2.76569727e-02  -9.96487838e-02  -2.08284433e-02   0.00000000e+00
   -3.08653169e-02  -3.04117325e-02   9.08301635e-02  -1.36532415e-02
    1.27837009e-02   3.59710979e-02   2.37981206e-02  -4.67215887e-01
   -1.28579203e-02  -3.85713908e-02   0.00000000e+00   0.00000000e+00
   -2.42285540e-02   3.12273451e-02  -5.24139167e-01   2.06144916e-02
    4.35999854e-01  -3.34716169e-02  -9.90928191e-02   0.00000000e+00
   -2.32162323e-02   7.43275724e-02  -1.11496098e-01  -1.75031604e-01
    0.00000000e+00   1.30464396e-02   2.29957986e-02]
 [  3.71389245e-02  -5.22508522e+01  -1.59036669e+00   2.12331117e+01
    7.39245961e-01  -5.81748077e-02  -6.17534951e-02   0.00000000e+00
    0.00000000e+00  -6.79867723e-02   1.22239373e-01  -8.74204476e-02
    0.00000000e+00  -5.09215696e-02   0.00000000e+00   8.64267575e-01
   -2.55316764e-01   3.46680333e-02  -6.06425280e-02  -5.52083254e-01
   -1.99615021e-02  -1.51671491e-02   4.56198244e-01  -2.94506576e-01
   -4.21552051e-01   1.71877130e-01   0.00000000e+00  -3.35455640e-02
   -4.51577930e-02   4.28897490e-02   8.97551446e-02   5.30130309e-02
   -5.18193947e-02  -8.08144600e-02   1.15473916e-01]
 [  2.72055259e-02   7.24944298e-01  -1.84508660e-02  -1.11855826e+00
    6.24141764e+00  -8.36483070e-02  -3.09136962e-02   0.00000000e+00
    1.64310247e-02  -3.01366220e-02   1.30399367e-01  -3.05812199e-02
    0.00000000e+00   3.57925550e-02   1.17646882e-02   2.56459133e-01
   -7.09829325e-02   0.00000000e+00   0.00000000e+00  -3.25926191e-01
    0.00000000e+00   0.00000000e+00   1.77677323e-01  -1.13514546e-02
   -2.39940128e-01   2.41473008e-02  -3.87495250e-02   0.00000000e+00
   -6.93174957e-02   4.41748468e-02  -1.23863755e-01  -2.11205629e-02
    0.00000000e+00  -7.00844869e-02   1.75863630e-02]
 [  2.59193456e-02   1.42193559e+01   4.44330719e-01  -2.69579479e+01
   -8.25364145e-01  -7.12280973e-02  -1.73735375e-02   0.00000000e+00
    0.00000000e+00  -1.06012844e-02   1.07541657e-01   0.00000000e+00
    1.27710032e-02   6.68642242e-02   1.86853692e-02  -2.53177457e-01
    1.48953536e-02  -2.23297943e-02   1.49677586e-02   2.18066980e-02
    0.00000000e+00   2.41307287e-02  -3.30254177e-01   1.28047610e-01
    2.30836674e-01  -9.75106793e-02  -7.52782276e-02   0.00000000e+00
   -3.15959849e-02   5.09848659e-02  -2.04131329e-01  -1.19189651e-01
    1.79981824e-02  -2.39085667e-02  -2.93103401e-02]] 
 True hermite:  [[  0.           0.           6.28318531   0.           0.           0.
    0.           0.           0.           0.           0.           0.
    0.           0.           0.           0.           0.           0.
    0.           0.           0.           0.           0.           0.
    0.           0.           0.           0.           0.           0.
    0.           0.           0.           0.           0.        ]
 [  0.         -53.40707511   0.          21.99114858   0.           0.
    0.           0.           0.           0.           0.           0.
    0.           0.           0.           0.           0.           0.
    0.           0.           0.           0.           0.           0.
    0.           0.           0.           0.           0.           0.
    0.           0.           0.           0.           0.        ]
 [  0.           0.           0.           0.           6.28318531   0.
    0.           0.           0.           0.           0.           0.
    0.           0.           0.           0.           0.           0.
    0.           0.           0.           0.           0.           0.
    0.           0.           0.           0.           0.           0.
    0.           0.           0.           0.           0.        ]
 [  0.          14.66076572   0.         -27.22713633   0.           0.
    0.           0.           0.           0.           0.           0.
    0.           0.           0.           0.           0.           0.
    0.           0.           0.           0.           0.           0.
    0.           0.           0.           0.           0.           0.
    0.           0.           0.           0.           0.        ]]


