My SLURM_ARRAY_TASK_ID:  7
Data shape: (10, 101, 4)
Theta shape: (35, 4)
Theta: [[ 0.33335209  0.21078888  0.21823464  0.0597929 ]
 [ 0.33498566  0.21780396  0.171567    0.16953419]
 [ 0.34515004  0.48386511  0.48381371  0.41086279]
 [ 0.37089346  0.45548048  0.48731404  0.2253087 ]
 [ 0.22028842  0.18883432  0.13316442  0.46062576]
 [ 0.45348113  0.37464287  0.2051816   0.31848686]
 [ 0.47741693  0.39404147  0.38363233  0.37229614]
 [ 0.12788935  0.28002781  0.41770291  0.10358612]
 [ 0.24076552  0.45080331  0.46918377  0.33967405]
 [ 0.22223204  0.12939582  0.2179273   0.31089755]
 [ 0.24460056  0.19004876  0.0201898   0.41832807]
 [ 0.27555718  0.3784379   0.01089496  0.35393526]
 [ 0.18897272  0.37229878  0.22392841  0.04946102]
 [ 0.37281094  0.43034675  0.2915205   0.40754292]
 [ 0.49832289  0.08990922  0.22647774  0.10251585]
 [ 0.25765755  0.39735939  0.25956822  0.36192628]
 [ 0.18517214  0.2635086   0.26925022  0.1228254 ]
 [ 0.43944737  0.00182569  0.20962464  0.03754216]
 [ 0.3450252   0.40582621  0.18250717  0.21583646]
 [ 0.4062012   0.02617392  0.13899519  0.03671079]
 [ 0.09271183  0.24346413  0.46396742  0.05636186]
 [ 0.30336495  0.08253587  0.48206333  0.03995676]
 [ 0.38960553  0.3484121   0.48462799  0.12023664]
 [ 0.49154284  0.4180673   0.22218291  0.14825182]
 [ 0.41407165  0.30000825  0.44080987  0.42293942]
 [ 0.48175714  0.03981571  0.27326213  0.10067523]
 [ 0.40430745  0.25570622  0.39023694  0.22878959]
 [ 0.41939643  0.32954623  0.13693098  0.03050472]
 [ 0.19697307  0.41313258  0.3631122   0.26370738]
 [ 0.01006206  0.26540626  0.18103775  0.16349016]
 [ 0.26572125  0.45680203  0.40789334  0.02138359]
 [ 0.05351967  0.36544563  0.18511027  0.43506722]
 [ 0.45744408  0.42948382  0.03218623  0.25168151]
 [ 0.15395717  0.42867916  0.30871212  0.16331502]
 [ 0.27535777  0.01418862  0.44371685  0.3674169 ]]
1
4.42460268989
[[  0.00000000e+00   6.51099040e-02   1.60845214e-02   3.10271381e-02]
 [ -5.04218558e-01  -5.35250139e+01   1.49797492e-01   1.47018242e+01]
 [  6.24730032e+00  -4.19083808e-01  -1.13401087e-02   1.50349621e-01]
 [  1.98864094e-01   2.18975402e+01  -3.57100427e-01  -2.73521297e+01]
 [ -5.86336590e-02   2.63216858e-01   6.23797318e+00  -2.01855096e-01]
 [ -8.43065397e-02  -8.70411328e-02  -8.57064543e-02  -4.42587630e-02]
 [ -2.63849266e-02  -4.94896520e-02  -2.53448635e-02  -2.37758580e-02]
 [  0.00000000e+00   1.32559985e-02   1.06829882e-02   0.00000000e+00]
 [  0.00000000e+00  -3.89818858e-02   1.09072561e-02  -1.91944761e-02]
 [ -4.06165753e-02  -4.18276960e-02  -3.76175688e-02  -3.79168220e-02]
 [  9.37317269e-02   1.97032956e-01   1.13813106e-01   9.05863189e-02]
 [ -3.27578050e-02  -8.05459825e-02  -3.91659316e-02  -3.42141086e-02]
 [  0.00000000e+00   2.82040580e-02   0.00000000e+00   1.69993283e-02]
 [  3.53817961e-02   2.53187290e-02   1.71581599e-02   2.39461754e-02]
 [  1.56569127e-02   2.90094908e-02   0.00000000e+00   2.41097813e-02]
 [  0.00000000e+00  -1.12907779e-01   4.25926009e-02   8.28382135e-02]
 [ -7.62149987e-02  -1.01149227e-01  -4.68794720e-02   0.00000000e+00]
 [ -1.38533619e-02  -1.30214436e-02   0.00000000e+00   0.00000000e+00]
 [  0.00000000e+00  -2.93675426e-02   0.00000000e+00   0.00000000e+00]
 [ -1.99336066e-01  -1.14696799e-01  -1.42329590e-01  -2.09086287e-01]
 [  0.00000000e+00  -2.31597803e-02  -2.14043787e-02  -3.79160592e-02]
 [  0.00000000e+00   1.11115609e-02   0.00000000e+00   1.33406731e-02]
 [ -2.24613624e-01  -1.12662828e-01   0.00000000e+00  -2.32972536e-02]
 [ -1.30693015e-02  -5.58844206e-02   0.00000000e+00   7.06476893e-02]
 [  1.39633357e-01  -3.53714220e-02  -8.67648593e-02  -3.15543713e-02]
 [ -3.95181993e-02   1.92120476e-01   1.03076966e-02  -2.40704740e-02]
 [ -5.30093240e-02  -7.11566640e-02  -7.29943816e-02  -8.56691842e-02]
 [  0.00000000e+00   0.00000000e+00   0.00000000e+00   0.00000000e+00]
 [ -2.20760619e-02  -3.71833316e-02  -1.95841056e-02  -1.06960582e-01]
 [  4.82625101e-02   8.50561995e-02   5.08861228e-02   5.19318387e-02]
 [ -1.31365867e-01  -4.73318692e-02  -1.62826343e-01  -7.41150408e-02]
 [ -8.89838871e-02  -9.86451172e-02  -7.53443259e-02  -9.68597070e-02]
 [  0.00000000e+00   0.00000000e+00   0.00000000e+00   1.60989173e-02]
 [ -2.83569788e-02   0.00000000e+00  -1.85571950e-02  -3.28316278e-02]
 [  2.93979429e-02   5.36400788e-02   2.32638577e-02   1.87382116e-02]]
2
Finished successfully!, number of iterations:  2
0.056855861248
[[  1.60212227e-02   3.55341437e-02   1.36545470e-02   1.91287207e-02]
 [ -6.27671662e-01  -5.26549730e+01   1.85809005e-01   1.43577349e+01]
 [  6.28893672e+00  -4.86073889e-01  -1.90742545e-02   1.44013324e-01]
 [  2.69368909e-01   2.14727731e+01  -3.84263037e-01  -2.70544137e+01]
 [ -7.78268087e-02   2.14395116e-01   6.25919883e+00  -2.64026084e-01]
 [ -9.11629297e-02  -7.99480821e-02  -8.79191715e-02  -6.92623645e-02]
 [ -1.79527472e-02  -5.12487807e-02  -2.29507412e-02  -2.09596822e-02]
 [  0.00000000e+00   1.21948411e-02   1.28513345e-02   0.00000000e+00]
 [ -1.57994267e-02  -1.76379903e-02   0.00000000e+00   0.00000000e+00]
 [ -2.89492202e-02  -4.46518191e-02  -2.52799410e-02  -2.12020084e-02]
 [  1.16475757e-01   1.35069668e-01   1.08213774e-01   1.02053385e-01]
 [ -1.83906588e-02  -7.35050395e-02  -2.71441877e-02  -1.71741737e-02]
 [  0.00000000e+00   1.92962240e-02   1.50543829e-02   0.00000000e+00]
 [  3.31862290e-02   0.00000000e+00   2.80088542e-02   4.95942705e-02]
 [  1.32757559e-02   1.14608272e-02   1.61968028e-02   1.57016704e-02]
 [ -1.11050513e-01   7.47436102e-01   6.64078944e-02  -2.21764851e-01]
 [  0.00000000e+00  -1.39052783e-01  -6.83262635e-02  -2.56263446e-02]
 [ -1.32487926e-02   2.71547727e-02   0.00000000e+00  -1.70008629e-02]
 [  0.00000000e+00  -2.67247298e-02   0.00000000e+00   0.00000000e+00]
 [ -1.26749736e-01  -5.40454409e-01  -2.20944022e-01   1.06838742e-02]
 [ -2.36735381e-02  -2.56212216e-02   1.76182849e-02   0.00000000e+00]
 [  1.64201416e-02   0.00000000e+00   1.75179129e-02   2.12502374e-02]
 [ -2.64470269e-01   3.33349389e-01   1.57299305e-02  -2.94844885e-01]
 [  3.16387462e-02  -1.07880336e-01   0.00000000e+00   7.80811908e-02]
 [  1.82250424e-01  -3.22397325e-01  -6.34434371e-02   2.04885626e-01]
 [ -7.34743682e-02   9.15643718e-02   2.74085580e-02  -5.28561915e-02]
 [ -6.33821715e-02  -2.46323449e-02  -6.43058091e-02  -6.78596584e-02]
 [  0.00000000e+00  -1.30544019e-02   0.00000000e+00   0.00000000e+00]
 [ -1.08262233e-02  -3.76026460e-02  -5.03177149e-02  -2.40132674e-02]
 [  5.03477731e-02   6.34254072e-02   5.82004138e-02   5.26409879e-02]
 [ -1.45727503e-01  -6.18132309e-02  -1.19493796e-01  -1.40645989e-01]
 [ -9.60044631e-02   1.79495379e-02  -6.35158344e-02  -1.11081016e-01]
 [  0.00000000e+00  -1.51571358e-02   0.00000000e+00   1.30818164e-02]
 [ -2.41004676e-02  -5.08316196e-02  -2.64327547e-02  -2.33566321e-02]
 [  2.14753829e-02   5.28449638e-02   2.37517365e-02   1.49973401e-02]]
Time taken for 4D intervals exp:  47.99593472480774 , number of intervals:  7
Avg AR burnin:  0.2528 , Avg AR sampling:  0.06882

 Estimated ordinary:  [[ -1.79288459e-03  -3.61919417e-02   9.97354756e-01   2.24750725e-02
    8.09628455e-03  -1.02594341e-02  -2.85726845e-03   0.00000000e+00
   -2.51455685e-03  -4.60741149e-03   1.31081281e-02  -2.92696425e-03
    0.00000000e+00   5.28175240e-03   1.49404745e-03  -7.21547751e-03
    0.00000000e+00  -1.49101302e-03   0.00000000e+00  -1.42643569e-02
   -3.76776060e-03   1.84791518e-03  -2.97633623e-02   3.56060993e-03
    1.18416727e-02  -8.26877157e-03  -1.00875859e-02   0.00000000e+00
   -1.72304696e-03   8.01309696e-03  -1.64001061e-02  -1.08042981e-02
    0.00000000e+00  -2.71225553e-03   1.39535728e-03]
 [ -3.21012129e-03  -8.56858362e+00  -4.26562490e-02   3.54688409e+00
    2.19422369e-02  -8.99732034e-03  -8.15649678e-03   1.37240180e-03
   -2.80717335e-03  -7.10655773e-03   1.52006782e-02  -1.16986904e-02
    3.07108943e-03   0.00000000e+00   1.28979621e-03   4.85644615e-02
   -1.56489362e-02   3.05598562e-03  -1.73643219e-03  -6.08224903e-02
   -4.07774407e-03   0.00000000e+00   3.75149867e-02  -1.21408034e-02
   -2.09476803e-02   1.03046122e-02  -3.92035945e-03  -1.46913638e-03
   -5.98464699e-03   1.00944671e-02  -6.95643254e-03   2.02003273e-03
   -1.70577709e-03  -5.72056706e-03   3.43358744e-03]
 [ -3.37982061e-03   2.20057195e-02   4.65364434e-03  -2.29224899e-02
    1.00191588e+00  -9.89438308e-03  -3.65272391e-03   1.44628327e-03
    0.00000000e+00  -4.02342756e-03   1.21783283e-02  -4.32013165e-03
    2.39597945e-03   4.45774760e-03   1.82278073e-03   4.31483524e-03
   -7.68940623e-03   0.00000000e+00   0.00000000e+00  -2.48649385e-02
    2.80403713e-03   1.97145785e-03   1.77023913e-03   0.00000000e+00
   -4.12222041e-03   3.08454650e-03  -1.02345874e-02   0.00000000e+00
   -8.00831306e-03   9.26288354e-03  -1.34477768e-02  -7.14804276e-03
    0.00000000e+00  -2.97473004e-03   1.54326275e-03]
 [ -2.41291470e-03   2.37592780e+00   1.55449665e-02  -4.34674615e+00
   -2.31677546e-02  -7.79475460e-03  -3.33583702e-03   0.00000000e+00
    0.00000000e+00  -3.37440443e-03   1.14850410e-02  -2.73335464e-03
    0.00000000e+00   7.89317331e-03   1.76705876e-03  -1.44091121e-02
   -2.88397702e-03  -1.91326928e-03   0.00000000e+00   1.20235828e-03
    0.00000000e+00   2.39149193e-03  -3.31817076e-02   8.78722126e-03
    1.33123890e-02  -5.94841145e-03  -1.08002001e-02   0.00000000e+00
   -3.82183020e-03   8.37807343e-03  -1.58282348e-02  -1.25010064e-02
    1.47222159e-03  -2.62854463e-03   9.74448176e-04]] 
 True ordinary:  [[ 0.          0.          1.          0.          0.          0.          0.
   0.          0.          0.          0.          0.          0.          0.
   0.          0.          0.          0.          0.          0.          0.
   0.          0.          0.          0.          0.          0.          0.
   0.          0.          0.          0.          0.          0.          0.        ]
 [ 0.         -8.5         0.          3.5         0.          0.          0.
   0.          0.          0.          0.          0.          0.          0.
   0.          0.          0.          0.          0.          0.          0.
   0.          0.          0.          0.          0.          0.          0.
   0.          0.          0.          0.          0.          0.          0.        ]
 [ 0.          0.          0.          0.          1.          0.          0.
   0.          0.          0.          0.          0.          0.          0.
   0.          0.          0.          0.          0.          0.          0.
   0.          0.          0.          0.          0.          0.          0.
   0.          0.          0.          0.          0.          0.          0.        ]
 [ 0.          2.33333333  0.         -4.33333333  0.          0.          0.
   0.          0.          0.          0.          0.          0.          0.
   0.          0.          0.          0.          0.          0.          0.
   0.          0.          0.          0.          0.          0.          0.
   0.          0.          0.          0.          0.          0.          0.        ]]

 Estimated hermite:  [[  1.60212227e-02  -6.27671662e-01   6.28893672e+00   2.69368909e-01
   -7.78268087e-02  -9.11629297e-02  -1.79527472e-02   0.00000000e+00
   -1.57994267e-02  -2.89492202e-02   1.16475757e-01  -1.83906588e-02
    0.00000000e+00   3.31862290e-02   1.32757559e-02  -1.11050513e-01
    0.00000000e+00  -1.32487926e-02   0.00000000e+00  -1.26749736e-01
   -2.36735381e-02   1.64201416e-02  -2.64470269e-01   3.16387462e-02
    1.82250424e-01  -7.34743682e-02  -6.33821715e-02   0.00000000e+00
   -1.08262233e-02   5.03477731e-02  -1.45727503e-01  -9.60044631e-02
    0.00000000e+00  -2.41004676e-02   2.14753829e-02]
 [  3.55341437e-02  -5.26549730e+01  -4.86073889e-01   2.14727731e+01
    2.14395116e-01  -7.99480821e-02  -5.12487807e-02   1.21948411e-02
   -1.76379903e-02  -4.46518191e-02   1.35069668e-01  -7.35050395e-02
    1.92962240e-02   0.00000000e+00   1.14608272e-02   7.47436102e-01
   -1.39052783e-01   2.71547727e-02  -2.67247298e-02  -5.40454409e-01
   -2.56212216e-02   0.00000000e+00   3.33349389e-01  -1.07880336e-01
   -3.22397325e-01   9.15643718e-02  -2.46323449e-02  -1.30544019e-02
   -3.76026460e-02   6.34254072e-02  -6.18132309e-02   1.79495379e-02
   -1.51571358e-02  -5.08316196e-02   5.28449638e-02]
 [  1.36545470e-02   1.85809005e-01  -1.90742545e-02  -3.84263037e-01
    6.25919883e+00  -8.79191715e-02  -2.29507412e-02   1.28513345e-02
    0.00000000e+00  -2.52799410e-02   1.08213774e-01  -2.71441877e-02
    1.50543829e-02   2.80088542e-02   1.61968028e-02   6.64078944e-02
   -6.83262635e-02   0.00000000e+00   0.00000000e+00  -2.20944022e-01
    1.76182849e-02   1.75179129e-02   1.57299305e-02   0.00000000e+00
   -6.34434371e-02   2.74085580e-02  -6.43058091e-02   0.00000000e+00
   -5.03177149e-02   5.82004138e-02  -1.19493796e-01  -6.35158344e-02
    0.00000000e+00  -2.64327547e-02   2.37517365e-02]
 [  1.91287207e-02   1.43577349e+01   1.44013324e-01  -2.70544137e+01
   -2.64026084e-01  -6.92623645e-02  -2.09596822e-02   0.00000000e+00
    0.00000000e+00  -2.12020084e-02   1.02053385e-01  -1.71741737e-02
    0.00000000e+00   4.95942705e-02   1.57016704e-02  -2.21764851e-01
   -2.56263446e-02  -1.70008629e-02   0.00000000e+00   1.06838742e-02
    0.00000000e+00   2.12502374e-02  -2.94844885e-01   7.80811908e-02
    2.04885626e-01  -5.28561915e-02  -6.78596584e-02   0.00000000e+00
   -2.40132674e-02   5.26409879e-02  -1.40645989e-01  -1.11081016e-01
    1.30818164e-02  -2.33566321e-02   1.49973401e-02]] 
 True hermite:  [[  0.           0.           6.28318531   0.           0.           0.
    0.           0.           0.           0.           0.           0.
    0.           0.           0.           0.           0.           0.
    0.           0.           0.           0.           0.           0.
    0.           0.           0.           0.           0.           0.
    0.           0.           0.           0.           0.        ]
 [  0.         -53.40707511   0.          21.99114858   0.           0.
    0.           0.           0.           0.           0.           0.
    0.           0.           0.           0.           0.           0.
    0.           0.           0.           0.           0.           0.
    0.           0.           0.           0.           0.           0.
    0.           0.           0.           0.           0.        ]
 [  0.           0.           0.           0.           6.28318531   0.
    0.           0.           0.           0.           0.           0.
    0.           0.           0.           0.           0.           0.
    0.           0.           0.           0.           0.           0.
    0.           0.           0.           0.           0.           0.
    0.           0.           0.           0.           0.        ]
 [  0.          14.66076572   0.         -27.22713633   0.           0.
    0.           0.           0.           0.           0.           0.
    0.           0.           0.           0.           0.           0.
    0.           0.           0.           0.           0.           0.
    0.           0.           0.           0.           0.           0.
    0.           0.           0.           0.           0.        ]]


