My SLURM_ARRAY_TASK_ID:  3
Data shape: (10, 101, 4)
Theta shape: (35, 4)
Theta: [[ 0.37620334  0.10552715  0.46497726  0.17918163]
 [ 0.42303848  0.03345256  0.48140083  0.01166925]
 [ 0.43289121  0.15092802  0.26961642  0.0588173 ]
 [ 0.49054021  0.3373882   0.38136708  0.44764062]
 [ 0.18071167  0.36429365  0.18995552  0.24123756]
 [ 0.32538844  0.15479211  0.41053409  0.32987663]
 [ 0.42663159  0.15588805  0.44328665  0.27901464]
 [ 0.30048508  0.46733656  0.24791624  0.24042096]
 [ 0.37206525  0.49600705  0.38745457  0.23648129]
 [ 0.16705538  0.0581254   0.11242749  0.40484707]
 [ 0.26029745  0.29879992  0.29825102  0.26415478]
 [ 0.42860282  0.12389436  0.48175238  0.16016089]
 [ 0.20818022  0.33172274  0.11590521  0.36627398]
 [ 0.06680952  0.24496174  0.18916993  0.1066879 ]
 [ 0.10834561  0.47921741  0.48172937  0.19860169]
 [ 0.33042373  0.15265974  0.14122236  0.28954935]
 [ 0.4898937   0.08441855  0.40830892  0.28993833]
 [ 0.17788769  0.07277068  0.27960528  0.42366728]
 [ 0.3678558   0.25733935  0.17334408  0.16016623]
 [ 0.05734092  0.24452053  0.195113    0.27511293]
 [ 0.26440392  0.36807435  0.01653548  0.36849529]
 [ 0.06124457  0.30773747  0.1421286   0.02368606]
 [ 0.41378535  0.26904809  0.43527655  0.11147351]
 [ 0.00794683  0.3549426   0.19978529  0.00324064]
 [ 0.37081976  0.23264322  0.34518982  0.07878803]
 [ 0.28260619  0.37233037  0.3361562   0.19421248]
 [ 0.3210141   0.12728593  0.37743075  0.46619198]
 [ 0.32523368  0.38495992  0.21501144  0.22138909]
 [ 0.183955    0.44141651  0.1582796   0.16585556]
 [ 0.32006632  0.19348419  0.31463941  0.4491591 ]
 [ 0.33761486  0.11448878  0.17354448  0.37059453]
 [ 0.29860073  0.39683228  0.47796846  0.13430727]
 [ 0.18954386  0.26369357  0.06319798  0.30694453]
 [ 0.37164615  0.16641914  0.21719681  0.08860997]
 [ 0.27469862  0.24311247  0.16007817  0.29256343]]
1
4.59239335623
[[  2.35624028e-02   9.16862284e-02   0.00000000e+00   0.00000000e+00]
 [ -1.26484237e+00  -5.32409595e+01   3.50936017e-01   1.44981465e+01]
 [  6.22575507e+00  -1.02693073e+00   1.55671176e-02   3.09971781e-01]
 [  5.58964195e-01   2.18177052e+01  -5.83252275e-01  -2.71795497e+01]
 [ -5.77331512e-02   5.43921302e-01   6.24171949e+00  -5.90881363e-01]
 [ -7.21890364e-02  -2.27389135e-02  -9.96765052e-02  -9.20159390e-02]
 [ -2.24678054e-02  -6.24372507e-02  -3.61022552e-02  -1.19324652e-02]
 [  0.00000000e+00   0.00000000e+00   1.20695999e-02   0.00000000e+00]
 [ -2.96207870e-02  -6.86555820e-02   2.92355250e-02   3.24795932e-02]
 [ -4.21758061e-02  -5.23700307e-02  -2.94367267e-02  -3.01114847e-02]
 [  1.05775174e-01   1.57270353e-01   1.04515042e-01   9.65476665e-02]
 [ -3.22814621e-02  -6.03264815e-02  -2.82520193e-02  -2.70270209e-02]
 [  1.02814139e-02   2.63317539e-02   0.00000000e+00   0.00000000e+00]
 [  3.29151816e-02  -3.94716111e-02   3.33671136e-02   5.60709419e-02]
 [  1.55105401e-02   2.52479964e-02   1.34883662e-02   1.53366356e-02]
 [ -2.10234504e-01   9.98994268e-02   1.25676956e-01  -5.23137161e-02]
 [ -9.29008435e-02  -1.40116045e-01  -1.57549857e-02   0.00000000e+00]
 [ -1.64618424e-02   0.00000000e+00   0.00000000e+00  -1.99244210e-02]
 [  0.00000000e+00  -4.83604247e-02  -1.13792394e-02   0.00000000e+00]
 [ -5.19756273e-02  -1.59163977e-01  -1.51754634e-01  -1.10462567e-01]
 [  1.65131622e-02  -4.66074209e-02  -3.20247487e-02  -3.25573761e-02]
 [  1.27022404e-02  -1.12511143e-02   0.00000000e+00   1.82123649e-02]
 [ -3.12358876e-01  -5.76129995e-02  -2.61910968e-02  -1.39503864e-01]
 [ -1.19658019e-02  -1.86321473e-01   0.00000000e+00   1.11995426e-01]
 [  2.18964043e-01  -6.72514358e-02  -4.63388031e-02   8.55441227e-02]
 [ -4.89073930e-02   1.50484980e-01   0.00000000e+00  -8.47119113e-02]
 [ -8.28658198e-02  -5.94617829e-02  -6.63767001e-02  -7.16815676e-02]
 [ -1.01248121e-02  -2.28875698e-02   0.00000000e+00   0.00000000e+00]
 [  0.00000000e+00  -7.93506583e-02  -3.85182273e-02  -1.69273379e-02]
 [  5.49276056e-02   5.29210007e-02   5.22791476e-02   4.53081174e-02]
 [ -1.20458555e-01   8.63512289e-02  -1.34686684e-01  -2.13832310e-01]
 [ -1.22774629e-01  -9.84673729e-02  -5.54540212e-02  -9.13664827e-02]
 [ -1.29560947e-02  -3.24960530e-02   0.00000000e+00   1.67020610e-02]
 [  0.00000000e+00  -2.57743711e-02  -4.97762317e-02  -3.30930398e-02]
 [  2.97261498e-02   9.25480107e-02   2.03708965e-02  -1.14081366e-02]]
2
Finished successfully!, number of iterations:  2
0.0517860689782
[[  0.00000000e+00   2.94548831e-02   2.17632655e-02   2.98334416e-02]
 [ -1.48012409e+00  -5.24876923e+01   4.79272350e-01   1.43093137e+01]
 [  6.27728539e+00  -1.08810684e+00  -1.76514120e-02   3.08085370e-01]
 [  6.72009011e-01   2.14067707e+01  -7.54994797e-01  -2.69845438e+01]
 [ -4.45880333e-02   5.42813269e-01   6.26693769e+00  -5.93553480e-01]
 [ -9.86422760e-02  -7.38858829e-02  -8.20040259e-02  -7.25184227e-02]
 [ -2.19781594e-02  -5.87623022e-02  -2.89627322e-02  -2.04488875e-02]
 [  0.00000000e+00   1.09913024e-02   1.08700583e-02   0.00000000e+00]
 [ -2.91927963e-02  -2.88365673e-02   1.09699178e-02   1.60533951e-02]
 [ -2.97846686e-02  -6.01789438e-02  -2.90334320e-02  -1.30348894e-02]
 [  1.02818712e-01   1.29397542e-01   1.17503455e-01   1.15278369e-01]
 [ -1.59695266e-02  -8.81244920e-02  -3.37983171e-02   0.00000000e+00]
 [  1.07893055e-02   1.22913394e-02   1.23015318e-02   1.44300444e-02]
 [  3.75539315e-02  -4.25167349e-02   3.41485396e-02   6.88883686e-02]
 [  1.97013355e-02   0.00000000e+00   1.53390634e-02   1.96974073e-02]
 [ -3.51692314e-01   8.03489494e-01   1.75129985e-01  -2.35800171e-01]
 [  0.00000000e+00  -2.18540352e-01  -6.45503044e-02   0.00000000e+00]
 [ -2.94956784e-02   2.94057852e-02   0.00000000e+00  -2.10306839e-02]
 [  0.00000000e+00  -5.01186852e-02   0.00000000e+00   1.19169888e-02]
 [ -6.11274995e-02  -5.41819508e-01  -2.59487780e-01   1.28092685e-02]
 [ -2.83330805e-02  -2.49600292e-02   0.00000000e+00   0.00000000e+00]
 [  2.38606630e-02   0.00000000e+00   0.00000000e+00   2.38414635e-02]
 [ -4.51105296e-01   3.79772690e-01   9.95941454e-02  -2.89958081e-01]
 [  2.97033018e-02  -2.22507850e-01  -1.29535078e-02   1.10961698e-01]
 [  3.38039748e-01  -3.25246914e-01  -1.44823733e-01   2.44734589e-01]
 [ -5.33165631e-02   1.62872472e-01   3.27116406e-02  -9.55429222e-02]
 [ -8.60035390e-02  -1.71131507e-02  -5.22063847e-02  -7.20527610e-02]
 [  0.00000000e+00  -2.57905834e-02   0.00000000e+00   0.00000000e+00]
 [ -1.31288944e-02  -3.72220208e-02  -5.89950256e-02  -2.13424728e-02]
 [  6.35186876e-02   5.29443686e-02   4.83522907e-02   5.63133937e-02]
 [ -1.13001010e-01   7.03641730e-02  -1.07008577e-01  -2.08912911e-01]
 [ -1.46748981e-01   3.49529320e-02  -4.28035597e-02  -1.15233210e-01]
 [  0.00000000e+00  -4.02190984e-02   0.00000000e+00   2.00392360e-02]
 [  0.00000000e+00  -5.43700396e-02  -5.30923296e-02  -2.55215698e-02]
 [  2.42754038e-02   1.00535425e-01   2.51844376e-02  -1.44789671e-02]]
Time taken for 4D intervals exp:  47.88005518913269 , number of intervals:  3
Avg AR burnin:  0.33535 , Avg AR sampling:  0.19218

 Estimated ordinary:  [[ -2.68719345e-03  -9.64140474e-02   9.95718204e-01   4.52554210e-02
    6.88903350e-03  -1.11011563e-02  -3.49793271e-03   0.00000000e+00
   -4.64617783e-03  -4.74037724e-03   1.15711705e-02  -2.54162910e-03
    1.71717130e-03   5.97689384e-03   2.21717923e-03  -2.28511144e-02
    0.00000000e+00  -3.31943007e-03   0.00000000e+00  -6.87926065e-03
   -4.50934982e-03   2.68526803e-03  -5.07671823e-02   3.34279590e-03
    2.19640425e-02  -6.00022146e-03  -1.36878884e-02   0.00000000e+00
   -2.08952844e-03   1.01093131e-02  -1.27170816e-02  -1.65150627e-02
    0.00000000e+00   0.00000000e+00   1.57728789e-03]
 [ -2.79632241e-03  -8.56027757e+00  -1.09246637e-01   3.53748676e+00
    4.34487435e-02  -8.31508324e-03  -9.35231086e-03   1.23695612e-03
   -4.58948222e-03  -9.57777638e-03   1.45623398e-02  -1.40254485e-02
    1.95622742e-03  -6.76674852e-03   0.00000000e+00   5.22065157e-02
   -2.45944306e-02   3.30931353e-03  -3.25644821e-03  -6.09761179e-02
   -3.97251203e-03   0.00000000e+00   4.27394436e-02  -2.50409310e-02
   -2.11328316e-02   1.83295930e-02  -2.72364253e-03  -2.90246037e-03
   -5.92406860e-03   8.42635798e-03   7.91875163e-03   3.93358687e-03
   -4.52623882e-03  -6.11877922e-03   6.53226243e-03]
 [ -3.48092065e-03   3.57503050e-02   5.91293387e-03  -5.67538820e-02
    1.00086640e+00  -9.22869531e-03  -4.60956200e-03   1.22331135e-03
    1.74591664e-03  -4.62081422e-03   1.32237848e-02  -5.37916924e-03
    1.95784959e-03   5.43490887e-03   1.72625114e-03   1.13790241e-02
   -7.26446153e-03   0.00000000e+00   0.00000000e+00  -2.92026353e-02
    0.00000000e+00   0.00000000e+00   1.12082793e-02  -1.45778180e-03
   -9.40988344e-03   3.68135297e-03  -8.30890419e-03   0.00000000e+00
   -9.38934994e-03   7.69550608e-03  -1.20426959e-02  -4.81709289e-03
    0.00000000e+00  -5.97498632e-03   1.63635212e-03]
 [ -2.28078213e-03   2.37132800e+00   3.19676153e-02  -4.34368070e+00
   -5.73813499e-02  -8.16118990e-03  -3.25454152e-03   0.00000000e+00
    2.55497719e-03  -2.07456708e-03   1.29733746e-02   0.00000000e+00
    2.29661289e-03   1.09639244e-02   2.21673715e-03  -1.53210532e-02
    0.00000000e+00  -2.36678349e-03   7.74303170e-04   1.44154918e-03
    0.00000000e+00   2.68310733e-03  -3.26317490e-02   1.24875784e-02
    1.59015647e-02  -1.07523565e-02  -1.14675531e-02   0.00000000e+00
   -3.39676004e-03   8.96255498e-03  -2.35109628e-02  -1.29682924e-02
    2.25520639e-03  -2.87218572e-03  -9.40767026e-04]] 
 True ordinary:  [[ 0.          0.          1.          0.          0.          0.          0.
   0.          0.          0.          0.          0.          0.          0.
   0.          0.          0.          0.          0.          0.          0.
   0.          0.          0.          0.          0.          0.          0.
   0.          0.          0.          0.          0.          0.          0.        ]
 [ 0.         -8.5         0.          3.5         0.          0.          0.
   0.          0.          0.          0.          0.          0.          0.
   0.          0.          0.          0.          0.          0.          0.
   0.          0.          0.          0.          0.          0.          0.
   0.          0.          0.          0.          0.          0.          0.        ]
 [ 0.          0.          0.          0.          1.          0.          0.
   0.          0.          0.          0.          0.          0.          0.
   0.          0.          0.          0.          0.          0.          0.
   0.          0.          0.          0.          0.          0.          0.
   0.          0.          0.          0.          0.          0.          0.        ]
 [ 0.          2.33333333  0.         -4.33333333  0.          0.          0.
   0.          0.          0.          0.          0.          0.          0.
   0.          0.          0.          0.          0.          0.          0.
   0.          0.          0.          0.          0.          0.          0.
   0.          0.          0.          0.          0.          0.          0.        ]]

 Estimated hermite:  [[  0.00000000e+00  -1.48012409e+00   6.27728539e+00   6.72009011e-01
   -4.45880333e-02  -9.86422760e-02  -2.19781594e-02   0.00000000e+00
   -2.91927963e-02  -2.97846686e-02   1.02818712e-01  -1.59695266e-02
    1.07893055e-02   3.75539315e-02   1.97013355e-02  -3.51692314e-01
    0.00000000e+00  -2.94956784e-02   0.00000000e+00  -6.11274995e-02
   -2.83330805e-02   2.38606630e-02  -4.51105296e-01   2.97033018e-02
    3.38039748e-01  -5.33165631e-02  -8.60035390e-02   0.00000000e+00
   -1.31288944e-02   6.35186876e-02  -1.13001010e-01  -1.46748981e-01
    0.00000000e+00   0.00000000e+00   2.42754038e-02]
 [  2.94548831e-02  -5.24876923e+01  -1.08810684e+00   2.14067707e+01
    5.42813269e-01  -7.38858829e-02  -5.87623022e-02   1.09913024e-02
   -2.88365673e-02  -6.01789438e-02   1.29397542e-01  -8.81244920e-02
    1.22913394e-02  -4.25167349e-02   0.00000000e+00   8.03489494e-01
   -2.18540352e-01   2.94057852e-02  -5.01186852e-02  -5.41819508e-01
   -2.49600292e-02   0.00000000e+00   3.79772690e-01  -2.22507850e-01
   -3.25246914e-01   1.62872472e-01  -1.71131507e-02  -2.57905834e-02
   -3.72220208e-02   5.29443686e-02   7.03641730e-02   3.49529320e-02
   -4.02190984e-02  -5.43700396e-02   1.00535425e-01]
 [  2.17632655e-02   4.79272350e-01  -1.76514120e-02  -7.54994797e-01
    6.26693769e+00  -8.20040259e-02  -2.89627322e-02   1.08700583e-02
    1.09699178e-02  -2.90334320e-02   1.17503455e-01  -3.37983171e-02
    1.23015318e-02   3.41485396e-02   1.53390634e-02   1.75129985e-01
   -6.45503044e-02   0.00000000e+00   0.00000000e+00  -2.59487780e-01
    0.00000000e+00   0.00000000e+00   9.95941454e-02  -1.29535078e-02
   -1.44823733e-01   3.27116406e-02  -5.22063847e-02   0.00000000e+00
   -5.89950256e-02   4.83522907e-02  -1.07008577e-01  -4.28035597e-02
    0.00000000e+00  -5.30923296e-02   2.51844376e-02]
 [  2.98334416e-02   1.43093137e+01   3.08085370e-01  -2.69845438e+01
   -5.93553480e-01  -7.25184227e-02  -2.04488875e-02   0.00000000e+00
    1.60533951e-02  -1.30348894e-02   1.15278369e-01   0.00000000e+00
    1.44300444e-02   6.88883686e-02   1.96974073e-02  -2.35800171e-01
    0.00000000e+00  -2.10306839e-02   1.19169888e-02   1.28092685e-02
    0.00000000e+00   2.38414635e-02  -2.89958081e-01   1.10961698e-01
    2.44734589e-01  -9.55429222e-02  -7.20527610e-02   0.00000000e+00
   -2.13424728e-02   5.63133937e-02  -2.08912911e-01  -1.15233210e-01
    2.00392360e-02  -2.55215698e-02  -1.44789671e-02]] 
 True hermite:  [[  0.           0.           6.28318531   0.           0.           0.
    0.           0.           0.           0.           0.           0.
    0.           0.           0.           0.           0.           0.
    0.           0.           0.           0.           0.           0.
    0.           0.           0.           0.           0.           0.
    0.           0.           0.           0.           0.        ]
 [  0.         -53.40707511   0.          21.99114858   0.           0.
    0.           0.           0.           0.           0.           0.
    0.           0.           0.           0.           0.           0.
    0.           0.           0.           0.           0.           0.
    0.           0.           0.           0.           0.           0.
    0.           0.           0.           0.           0.        ]
 [  0.           0.           0.           0.           6.28318531   0.
    0.           0.           0.           0.           0.           0.
    0.           0.           0.           0.           0.           0.
    0.           0.           0.           0.           0.           0.
    0.           0.           0.           0.           0.           0.
    0.           0.           0.           0.           0.        ]
 [  0.          14.66076572   0.         -27.22713633   0.           0.
    0.           0.           0.           0.           0.           0.
    0.           0.           0.           0.           0.           0.
    0.           0.           0.           0.           0.           0.
    0.           0.           0.           0.           0.           0.
    0.           0.           0.           0.           0.        ]]


