My SLURM_ARRAY_TASK_ID:  10
Data shape: (10, 101, 4)
Theta shape: (35, 4)
Theta: [[ 0.18225381  0.02793874  0.05970227  0.48659579]
 [ 0.26927713  0.19738931  0.09024894  0.29533539]
 [ 0.43269315  0.25298513  0.37385184  0.135191  ]
 [ 0.45914237  0.14136039  0.42658897  0.11101695]
 [ 0.38281913  0.39194197  0.01385907  0.29111236]
 [ 0.06112698  0.12747158  0.45521425  0.10490054]
 [ 0.12346477  0.39850584  0.42473684  0.4066935 ]
 [ 0.35576509  0.22821879  0.29490118  0.12878665]
 [ 0.12692458  0.49196414  0.36711111  0.20715679]
 [ 0.36804269  0.36660294  0.4763045   0.00389988]
 [ 0.30357553  0.25095196  0.25625405  0.41986737]
 [ 0.4849127   0.18608653  0.15244359  0.21301957]
 [ 0.47205448  0.36109881  0.42453486  0.49713217]
 [ 0.07752707  0.11482713  0.42203492  0.07457953]
 [ 0.44405696  0.07581885  0.20143234  0.31158412]
 [ 0.25723591  0.30190654  0.26161828  0.09197105]
 [ 0.41532136  0.10397077  0.10654675  0.12794117]
 [ 0.14921682  0.09703779  0.43247635  0.27464431]
 [ 0.49251788  0.06784258  0.34533658  0.07670198]
 [ 0.31031401  0.40023179  0.41767283  0.31658357]
 [ 0.42416692  0.42404278  0.23431314  0.23599496]
 [ 0.41612578  0.39113318  0.35252423  0.4931879 ]
 [ 0.41102089  0.28253179  0.22776454  0.44133478]
 [ 0.29738385  0.04893255  0.19342125  0.04575125]
 [ 0.06993497  0.24221203  0.30923487  0.23076614]
 [ 0.36386605  0.08904647  0.09261984  0.18054105]
 [ 0.46748599  0.17363271  0.19065313  0.14344861]
 [ 0.27066386  0.30885648  0.44615308  0.02253493]
 [ 0.06353447  0.23539729  0.35054892  0.02600786]
 [ 0.43562593  0.13625309  0.3620942   0.20274545]
 [ 0.34134735  0.40303321  0.40496691  0.1176079 ]
 [ 0.49965078  0.08303695  0.36752506  0.48781524]
 [ 0.26265356  0.09150214  0.05990687  0.00306902]
 [ 0.21604121  0.31957003  0.49617338  0.3331476 ]
 [ 0.49635472  0.26351165  0.37316607  0.19626827]]
1
4.48838446574
[[  2.82355631e-02   9.44864249e-02   2.39199732e-02   2.24554573e-02]
 [ -3.89897105e-01  -5.33454461e+01   2.34857914e-01   1.46478183e+01]
 [  6.23967576e+00  -2.85991215e-01   0.00000000e+00   9.19842321e-02]
 [  1.10066955e-01   2.17863603e+01  -3.84594743e-01  -2.72904864e+01]
 [ -4.94458963e-02   2.22591859e-01   6.24949143e+00  -1.92510641e-01]
 [ -4.58971466e-02  -4.21880232e-02  -6.94523895e-02  -7.56122744e-02]
 [ -2.13470199e-02  -6.12506087e-02  -3.30045911e-02  -3.17756197e-02]
 [  0.00000000e+00   1.53483230e-02   0.00000000e+00   1.06261473e-02]
 [ -2.65240509e-02  -7.58416860e-02  -2.45146427e-02   1.92689677e-02]
 [ -3.99796846e-02  -4.89241934e-02  -2.47237027e-02  -1.66826054e-02]
 [  8.96729137e-02   2.14067870e-01   1.03129479e-01   1.10440706e-01]
 [ -2.65933767e-02  -5.24003441e-02  -2.93710877e-02  -3.33662316e-02]
 [  0.00000000e+00   2.57387157e-02   1.50063726e-02   1.40456091e-02]
 [  3.29339622e-02   2.96653240e-02   2.03333984e-02   3.94653053e-02]
 [  1.51714347e-02   2.28839626e-02   1.45905457e-02   2.46519683e-02]
 [ -2.42154212e-02   4.79548328e-02   1.24311056e-01   3.60970486e-02]
 [ -9.82559575e-02  -6.29645224e-02  -2.11540239e-02  -3.80914356e-02]
 [  0.00000000e+00   1.64391679e-02   0.00000000e+00  -1.85127065e-02]
 [  0.00000000e+00  -1.44926571e-02  -1.10651855e-02   0.00000000e+00]
 [ -1.37370995e-01  -1.43561702e-01  -2.48290814e-01  -1.72314882e-01]
 [  1.13110425e-02  -7.02172011e-02   0.00000000e+00  -1.87476693e-02]
 [  0.00000000e+00   1.19721430e-02   1.39802042e-02   0.00000000e+00]
 [ -2.11830714e-01   2.10453373e-02   4.50294717e-02  -1.12979193e-01]
 [  0.00000000e+00   0.00000000e+00   0.00000000e+00   3.70411801e-02]
 [  6.99728911e-02  -1.23136823e-01  -1.03912986e-01   1.69499490e-02]
 [ -2.32801086e-02   1.37816808e-01   2.13952522e-02  -6.23022476e-02]
 [ -6.11857752e-02  -6.68534957e-02  -5.47371039e-02  -6.45228083e-02]
 [  0.00000000e+00   0.00000000e+00   0.00000000e+00   0.00000000e+00]
 [ -2.59069884e-02  -6.06954218e-02  -3.02632287e-02  -3.56133576e-02]
 [  4.72831569e-02   6.82847520e-02   4.97690003e-02   4.96140641e-02]
 [ -1.23495887e-01   0.00000000e+00  -1.49073131e-01  -1.30149781e-01]
 [ -8.31462735e-02  -6.26752600e-02  -5.25534035e-02  -1.14746330e-01]
 [  0.00000000e+00   0.00000000e+00   0.00000000e+00   0.00000000e+00]
 [ -2.32741309e-02  -3.61319255e-02  -2.71862506e-02  -1.50181281e-02]
 [  2.30290091e-02   5.41740356e-02   2.52083383e-02   3.76209678e-02]]
2
Finished successfully!, number of iterations:  2
0.0473842563425
[[  1.57847462e-02   3.64329788e-02   1.59954892e-02   2.83998248e-02]
 [ -4.44942164e-01  -5.26259967e+01   1.58540594e-01   1.43028318e+01]
 [  6.29394060e+00  -3.26120650e-01  -2.55766540e-02   8.84265960e-02]
 [  1.76362608e-01   2.15498632e+01  -3.00653676e-01  -2.70623985e+01]
 [ -6.84589118e-02   1.63670669e-01   6.26602491e+00  -1.93053755e-01]
 [ -8.58252817e-02  -7.93518217e-02  -8.36762628e-02  -7.93408415e-02]
 [ -1.77438963e-02  -4.63310894e-02  -2.37195513e-02  -2.52287086e-02]
 [  0.00000000e+00   1.13905231e-02   1.15569638e-02   1.02239942e-02]
 [  0.00000000e+00  -2.48854077e-02   0.00000000e+00  -1.10239344e-02]
 [ -3.16410385e-02  -4.39292867e-02  -3.16202790e-02  -2.10633213e-02]
 [  1.11772993e-01   1.38903900e-01   1.06411490e-01   1.14549428e-01]
 [ -1.96606531e-02  -5.70633204e-02  -3.14493198e-02  -2.76871063e-02]
 [  0.00000000e+00   1.60852576e-02   1.33003933e-02   1.35857429e-02]
 [  3.30668456e-02   0.00000000e+00   2.79210022e-02   4.88924522e-02]
 [  1.14769267e-02   0.00000000e+00   1.73534824e-02   2.00154183e-02]
 [ -6.41941830e-02   7.67703293e-01   6.94174993e-02  -2.68947563e-01]
 [  0.00000000e+00  -1.01911378e-01  -6.91935721e-02  -4.69593226e-02]
 [  0.00000000e+00   2.24590599e-02   0.00000000e+00  -2.36784992e-02]
 [  0.00000000e+00  -1.91931670e-02  -1.08453839e-02   0.00000000e+00]
 [ -1.40227407e-01  -5.07146189e-01  -2.04249015e-01   1.57477620e-02]
 [ -2.31513779e-02  -3.36180036e-02   1.58885195e-02   0.00000000e+00]
 [  1.20894173e-02   0.00000000e+00   1.55857375e-02   2.15084765e-02]
 [ -2.27303182e-01   3.70658217e-01   1.88539048e-02  -3.15225431e-01]
 [  3.13436055e-02  -5.44089820e-02  -2.03192645e-02   4.94050844e-02]
 [  1.44361715e-01  -2.67091181e-01  -4.46649221e-02   1.95723663e-01]
 [ -6.34396933e-02   8.44872295e-02   3.45647344e-02  -3.83540075e-02]
 [ -5.56894599e-02  -3.36772107e-02  -6.12352054e-02  -7.67710588e-02]
 [  0.00000000e+00   0.00000000e+00   0.00000000e+00   0.00000000e+00]
 [  0.00000000e+00  -3.33571310e-02  -5.67358481e-02  -3.50330681e-02]
 [  4.81251189e-02   6.75217332e-02   5.56744342e-02   5.79717889e-02]
 [ -1.41971866e-01  -5.85515178e-02  -1.17563537e-01  -1.42096206e-01]
 [ -7.93370664e-02   0.00000000e+00  -5.93411976e-02  -1.27100548e-01]
 [  0.00000000e+00  -1.30053912e-02   0.00000000e+00   0.00000000e+00]
 [ -3.27407126e-02  -4.39907142e-02  -3.71681275e-02  -1.74757680e-02]
 [  2.76723935e-02   4.20260554e-02   2.79023121e-02   2.86638479e-02]]
Time taken for 4D intervals exp:  49.081645250320435 , number of intervals:  10
Avg AR burnin:  0.23155 , Avg AR sampling:  0.040405

 Estimated ordinary:  [[ -1.69953115e-03  -2.37925926e-02   9.98184362e-01   1.80346040e-02
    6.82732895e-03  -9.65873769e-03  -2.82402880e-03   0.00000000e+00
    0.00000000e+00  -5.03582768e-03   1.25788812e-02  -3.12909012e-03
    0.00000000e+00   5.26275193e-03   1.29160805e-03  -4.17099993e-03
    0.00000000e+00   0.00000000e+00   0.00000000e+00  -1.57811278e-02
   -3.68465623e-03   1.36053746e-03  -2.55805955e-02   3.52739493e-03
    9.37986398e-03  -7.13947387e-03  -8.86325283e-03   0.00000000e+00
    0.00000000e+00   7.65935057e-03  -1.59774485e-02  -8.92855692e-03
    0.00000000e+00  -3.68462472e-03   1.79800639e-03]
 [ -2.18535901e-03  -8.56957269e+00  -2.91066587e-02   3.54385448e+00
    1.49383077e-02  -8.93021747e-03  -7.37382189e-03   1.28188423e-03
   -3.96063564e-03  -6.99156312e-03   1.56321809e-02  -9.08190951e-03
    2.56004826e-03   0.00000000e+00   0.00000000e+00   4.98813168e-02
   -1.14690595e-02   2.52753226e-03  -1.24707091e-03  -5.70739985e-02
   -5.35047145e-03   0.00000000e+00   4.17137051e-02  -6.12316178e-03
   -1.73541783e-02   9.50815390e-03  -5.35989455e-03   0.00000000e+00
   -5.30895229e-03   1.07464176e-02  -6.58936085e-03   0.00000000e+00
   -1.46362074e-03  -4.95069471e-03   2.73063175e-03]
 [ -3.26641912e-03   1.62577900e-02   8.11711027e-03  -1.37292821e-02
    1.00117065e+00  -9.41688809e-03  -3.77508383e-03   1.30061538e-03
    0.00000000e+00  -5.03252370e-03   1.19755001e-02  -5.00531470e-03
    2.11682334e-03   4.44376551e-03   1.95295292e-03   4.51038351e-03
   -7.78701274e-03   0.00000000e+00  -7.04675925e-04  -2.29860901e-02
    2.52873642e-03   1.75401173e-03   2.12180977e-03  -2.28672067e-03
   -2.90209141e-03   3.88989930e-03  -9.74588562e-03   0.00000000e+00
   -9.02979068e-03   8.86086140e-03  -1.32305463e-02  -6.67823105e-03
    0.00000000e+00  -4.18288396e-03   1.81294529e-03]
 [ -2.84551512e-03   2.38123470e+00   1.37982849e-02  -4.34749186e+00
   -1.60049531e-02  -8.92898177e-03  -4.01527369e-03   1.15060359e-03
   -1.75451365e-03  -3.35233170e-03   1.28913399e-02  -4.40653982e-03
    2.16223814e-03   7.78147545e-03   2.25252595e-03  -1.74747962e-02
   -5.28478054e-03  -2.66476740e-03   0.00000000e+00   1.77224589e-03
    0.00000000e+00   2.42055405e-03  -3.54753248e-02   5.56002545e-03
    1.27170928e-02  -4.31634235e-03  -1.22184935e-02   0.00000000e+00
   -5.57568596e-03   9.22649676e-03  -1.59914416e-02  -1.43038372e-02
    0.00000000e+00  -1.96671489e-03   1.86242587e-03]] 
 True ordinary:  [[ 0.          0.          1.          0.          0.          0.          0.
   0.          0.          0.          0.          0.          0.          0.
   0.          0.          0.          0.          0.          0.          0.
   0.          0.          0.          0.          0.          0.          0.
   0.          0.          0.          0.          0.          0.          0.        ]
 [ 0.         -8.5         0.          3.5         0.          0.          0.
   0.          0.          0.          0.          0.          0.          0.
   0.          0.          0.          0.          0.          0.          0.
   0.          0.          0.          0.          0.          0.          0.
   0.          0.          0.          0.          0.          0.          0.        ]
 [ 0.          0.          0.          0.          1.          0.          0.
   0.          0.          0.          0.          0.          0.          0.
   0.          0.          0.          0.          0.          0.          0.
   0.          0.          0.          0.          0.          0.          0.
   0.          0.          0.          0.          0.          0.          0.        ]
 [ 0.          2.33333333  0.         -4.33333333  0.          0.          0.
   0.          0.          0.          0.          0.          0.          0.
   0.          0.          0.          0.          0.          0.          0.
   0.          0.          0.          0.          0.          0.          0.
   0.          0.          0.          0.          0.          0.          0.        ]]

 Estimated hermite:  [[  1.57847462e-02  -4.44942164e-01   6.29394060e+00   1.76362608e-01
   -6.84589118e-02  -8.58252817e-02  -1.77438963e-02   0.00000000e+00
    0.00000000e+00  -3.16410385e-02   1.11772993e-01  -1.96606531e-02
    0.00000000e+00   3.30668456e-02   1.14769267e-02  -6.41941830e-02
    0.00000000e+00   0.00000000e+00   0.00000000e+00  -1.40227407e-01
   -2.31513779e-02   1.20894173e-02  -2.27303182e-01   3.13436055e-02
    1.44361715e-01  -6.34396933e-02  -5.56894599e-02   0.00000000e+00
    0.00000000e+00   4.81251189e-02  -1.41971866e-01  -7.93370664e-02
    0.00000000e+00  -3.27407126e-02   2.76723935e-02]
 [  3.64329788e-02  -5.26259967e+01  -3.26120650e-01   2.15498632e+01
    1.63670669e-01  -7.93518217e-02  -4.63310894e-02   1.13905231e-02
   -2.48854077e-02  -4.39292867e-02   1.38903900e-01  -5.70633204e-02
    1.60852576e-02   0.00000000e+00   0.00000000e+00   7.67703293e-01
   -1.01911378e-01   2.24590599e-02  -1.91931670e-02  -5.07146189e-01
   -3.36180036e-02   0.00000000e+00   3.70658217e-01  -5.44089820e-02
   -2.67091181e-01   8.44872295e-02  -3.36772107e-02   0.00000000e+00
   -3.33571310e-02   6.75217332e-02  -5.85515178e-02   0.00000000e+00
   -1.30053912e-02  -4.39907142e-02   4.20260554e-02]
 [  1.59954892e-02   1.58540594e-01  -2.55766540e-02  -3.00653676e-01
    6.26602491e+00  -8.36762628e-02  -2.37195513e-02   1.15569638e-02
    0.00000000e+00  -3.16202790e-02   1.06411490e-01  -3.14493198e-02
    1.33003933e-02   2.79210022e-02   1.73534824e-02   6.94174993e-02
   -6.91935721e-02   0.00000000e+00  -1.08453839e-02  -2.04249015e-01
    1.58885195e-02   1.55857375e-02   1.88539048e-02  -2.03192645e-02
   -4.46649221e-02   3.45647344e-02  -6.12352054e-02   0.00000000e+00
   -5.67358481e-02   5.56744342e-02  -1.17563537e-01  -5.93411976e-02
    0.00000000e+00  -3.71681275e-02   2.79023121e-02]
 [  2.83998248e-02   1.43028318e+01   8.84265960e-02  -2.70623985e+01
   -1.93053755e-01  -7.93408415e-02  -2.52287086e-02   1.02239942e-02
   -1.10239344e-02  -2.10633213e-02   1.14549428e-01  -2.76871063e-02
    1.35857429e-02   4.88924522e-02   2.00154183e-02  -2.68947563e-01
   -4.69593226e-02  -2.36784992e-02   0.00000000e+00   1.57477620e-02
    0.00000000e+00   2.15084765e-02  -3.15225431e-01   4.94050844e-02
    1.95723663e-01  -3.83540075e-02  -7.67710588e-02   0.00000000e+00
   -3.50330681e-02   5.79717889e-02  -1.42096206e-01  -1.27100548e-01
    0.00000000e+00  -1.74757680e-02   2.86638479e-02]] 
 True hermite:  [[  0.           0.           6.28318531   0.           0.           0.
    0.           0.           0.           0.           0.           0.
    0.           0.           0.           0.           0.           0.
    0.           0.           0.           0.           0.           0.
    0.           0.           0.           0.           0.           0.
    0.           0.           0.           0.           0.        ]
 [  0.         -53.40707511   0.          21.99114858   0.           0.
    0.           0.           0.           0.           0.           0.
    0.           0.           0.           0.           0.           0.
    0.           0.           0.           0.           0.           0.
    0.           0.           0.           0.           0.           0.
    0.           0.           0.           0.           0.        ]
 [  0.           0.           0.           0.           6.28318531   0.
    0.           0.           0.           0.           0.           0.
    0.           0.           0.           0.           0.           0.
    0.           0.           0.           0.           0.           0.
    0.           0.           0.           0.           0.           0.
    0.           0.           0.           0.           0.        ]
 [  0.          14.66076572   0.         -27.22713633   0.           0.
    0.           0.           0.           0.           0.           0.
    0.           0.           0.           0.           0.           0.
    0.           0.           0.           0.           0.           0.
    0.           0.           0.           0.           0.           0.
    0.           0.           0.           0.           0.        ]]


