My SLURM_ARRAY_TASK_ID:  8
Data shape: (10, 101, 4)
Theta shape: (35, 4)
Theta: [[ 0.37713364  0.29406935  0.23184107  0.10084803]
 [ 0.18363371  0.3471231   0.44999827  0.32342072]
 [ 0.21326762  0.18487578  0.33125418  0.37698971]
 [ 0.31464927  0.43894966  0.05526497  0.34248897]
 [ 0.2828399   0.01550818  0.48575006  0.27120526]
 [ 0.03081677  0.39602187  0.21895425  0.1041201 ]
 [ 0.45200855  0.20643532  0.01067064  0.13099432]
 [ 0.13309083  0.24493609  0.028088    0.37982305]
 [ 0.19874625  0.05068313  0.08082872  0.3984395 ]
 [ 0.09200459  0.26192169  0.27511309  0.00898547]
 [ 0.05660686  0.24213281  0.28307375  0.21082885]
 [ 0.18335665  0.07221045  0.44673741  0.14548112]
 [ 0.29944488  0.00256484  0.11445582  0.28529525]
 [ 0.21151214  0.10706893  0.3608356   0.22271993]
 [ 0.179773    0.32173962  0.40582058  0.0556704 ]
 [ 0.2913818   0.18770439  0.46869594  0.34738594]
 [ 0.15673586  0.09095548  0.19436155  0.00328174]
 [ 0.39192514  0.06300227  0.40540278  0.45246659]
 [ 0.19728127  0.43728682  0.35060298  0.01789358]
 [ 0.02421786  0.28588088  0.4417242   0.03124963]
 [ 0.19840659  0.41849775  0.1115485   0.31618679]
 [ 0.16267807  0.22118344  0.17559798  0.0646835 ]
 [ 0.44416061  0.16910953  0.00232678  0.08791639]
 [ 0.29913834  0.2335996   0.00568903  0.35209478]
 [ 0.14599392  0.04858507  0.42710819  0.47982803]
 [ 0.4518271   0.10422563  0.43115152  0.42830622]
 [ 0.33985482  0.30503668  0.07089421  0.19844334]
 [ 0.17017372  0.29981479  0.25095576  0.06381702]
 [ 0.27487149  0.12413043  0.1757602   0.40949389]
 [ 0.44096495  0.09351274  0.46322926  0.4220613 ]
 [ 0.15586544  0.37761478  0.32318762  0.15438777]
 [ 0.3818739   0.34777134  0.11456305  0.14307433]
 [ 0.16653563  0.47419274  0.27855825  0.2733016 ]
 [ 0.27588166  0.44457697  0.3400433   0.2255745 ]
 [ 0.23784532  0.26966736  0.49901336  0.26842313]]
1
4.83295930756
[[  1.69383926e-02  -3.09529581e-02   2.05877988e-02   4.57663290e-02]
 [ -4.67959662e-01  -5.33781766e+01   2.38775002e-01   1.47005281e+01]
 [  6.24027071e+00  -3.41635766e-01   0.00000000e+00   1.14055078e-01]
 [  1.78375966e-01   2.18933718e+01  -3.55929112e-01  -2.73401845e+01]
 [ -5.12696740e-02   2.36348988e-01   6.21744038e+00  -2.11055437e-01]
 [ -7.69649166e-02  -1.47628812e-01  -6.46597133e-02  -5.09446263e-02]
 [ -3.63375406e-02  -4.90171010e-02  -2.00985749e-02  -3.27864769e-02]
 [  0.00000000e+00   1.56834727e-02   0.00000000e+00   1.07119691e-02]
 [ -1.69316884e-02   4.02552708e-02  -1.64432753e-02  -1.44230557e-02]
 [ -2.45161559e-02  -4.95669599e-02  -4.16513527e-02  -2.05874956e-02]
 [  1.03398805e-01   8.76545660e-02   9.72700177e-02   1.22631069e-01]
 [ -1.98176116e-02  -6.74993228e-02  -4.20913005e-02  -2.31605475e-02]
 [  0.00000000e+00   1.47296724e-02   1.21481562e-02   1.55367002e-02]
 [  2.10934334e-02   0.00000000e+00   2.96484366e-02   4.26479283e-02]
 [  1.07000554e-02   1.82303596e-02   1.44296379e-02   2.65572810e-02]
 [ -4.13982959e-02   3.28619118e-02   1.21548598e-01   7.55892035e-02]
 [ -8.01452287e-02  -1.59726624e-02  -4.29898410e-02  -3.02902393e-02]
 [  0.00000000e+00   0.00000000e+00   0.00000000e+00  -1.07960240e-02]
 [  0.00000000e+00  -2.77518799e-02   0.00000000e+00   0.00000000e+00]
 [ -1.41110536e-01  -1.59089424e-01  -2.16029382e-01  -1.86821246e-01]
 [  2.72370053e-02  -8.02830814e-02  -2.81477578e-02  -1.31476354e-02]
 [  0.00000000e+00  -1.66844209e-02   0.00000000e+00   2.37031794e-02]
 [ -2.04073780e-01  -5.22537258e-02   4.46155478e-02  -2.07733281e-02]
 [  0.00000000e+00  -5.04159608e-02   1.96412240e-02   3.20286378e-02]
 [  1.15360851e-01  -2.71539533e-02  -6.26169761e-02  -1.38995233e-02]
 [ -2.21392200e-02   1.70539809e-01  -1.63328225e-02  -1.50955132e-02]
 [ -6.09959274e-02  -8.87188711e-02  -6.20047708e-02  -6.94770562e-02]
 [ -1.12877136e-02   0.00000000e+00   0.00000000e+00   0.00000000e+00]
 [  0.00000000e+00   0.00000000e+00   0.00000000e+00  -6.67917602e-02]
 [  4.84729470e-02   6.81559880e-02   3.81211530e-02   4.24213352e-02]
 [ -1.34417232e-01  -5.38683127e-02  -1.62422802e-01  -1.32899192e-01]
 [ -8.15150470e-02  -8.98320175e-02  -7.05645734e-02  -1.15500210e-01]
 [  0.00000000e+00   0.00000000e+00   0.00000000e+00   0.00000000e+00]
 [ -3.27654246e-02  -3.42579191e-02  -3.18564610e-02  -2.62408365e-02]
 [  2.73521848e-02   5.68996574e-02   2.46509457e-02   2.76389559e-02]]
2
Finished successfully!, number of iterations:  2
0.0528957594242
[[  1.48828505e-02   4.61767078e-02   1.91907322e-02   2.49565593e-02]
 [ -5.77565794e-01  -5.26464502e+01   2.06542120e-01   1.43157731e+01]
 [  6.29538854e+00  -4.09856679e-01  -2.18176663e-02   1.20959881e-01]
 [  2.37563746e-01   2.15087269e+01  -3.45436408e-01  -2.70579819e+01]
 [ -6.94435537e-02   2.12166830e-01   6.27388483e+00  -2.45287282e-01]
 [ -9.15054409e-02  -7.75086795e-02  -8.31955646e-02  -7.46492366e-02]
 [ -2.07376488e-02  -4.78370595e-02  -2.67195498e-02  -2.55761077e-02]
 [  0.00000000e+00   1.28657448e-02   1.20022187e-02   1.07796078e-02]
 [ -2.05230415e-02  -3.06334383e-02   0.00000000e+00   0.00000000e+00]
 [ -3.02386046e-02  -4.27356407e-02  -2.81012105e-02  -1.73319107e-02]
 [  1.15784703e-01   1.50030364e-01   1.13034480e-01   1.09361891e-01]
 [ -2.05908123e-02  -7.33303596e-02  -3.39706156e-02  -2.09367868e-02]
 [  0.00000000e+00   1.71852785e-02   1.40238672e-02   1.41439492e-02]
 [  3.79628194e-02   0.00000000e+00   3.28895039e-02   5.17070168e-02]
 [  1.24731737e-02   0.00000000e+00   1.55750587e-02   1.73667251e-02]
 [ -1.06570779e-01   7.63288956e-01   9.10948873e-02  -2.60444883e-01]
 [  0.00000000e+00  -1.15517301e-01  -7.14222083e-02  -3.06359170e-02]
 [ -1.10840672e-02   2.03879840e-02   0.00000000e+00  -2.07134988e-02]
 [  0.00000000e+00  -2.35331101e-02  -1.04798488e-02   0.00000000e+00]
 [ -1.43988807e-01  -4.87923212e-01  -2.27168004e-01   0.00000000e+00]
 [ -2.56579396e-02  -2.75054706e-02   0.00000000e+00   0.00000000e+00]
 [  1.47941074e-02   0.00000000e+00   1.55299684e-02   2.51040505e-02]
 [ -2.67445422e-01   3.40444428e-01   3.03512666e-02  -3.02602286e-01]
 [  3.56655628e-02  -7.74551407e-02   0.00000000e+00   6.05155674e-02]
 [  1.77841433e-01  -3.07099516e-01  -4.54760169e-02   2.14194561e-01]
 [ -5.99445290e-02   1.08410578e-01   4.02936224e-02  -4.30923129e-02]
 [ -6.00545396e-02  -3.50530844e-02  -5.94498488e-02  -7.34718394e-02]
 [  0.00000000e+00  -1.12971841e-02   0.00000000e+00   0.00000000e+00]
 [  0.00000000e+00  -4.35478569e-02  -5.80545800e-02  -3.88560048e-02]
 [  5.17060925e-02   5.67061635e-02   5.95260702e-02   5.77061945e-02]
 [ -1.41442489e-01  -4.48604127e-02  -1.06262003e-01  -1.59847602e-01]
 [ -9.17653711e-02   0.00000000e+00  -5.76373730e-02  -1.19032348e-01]
 [  0.00000000e+00  -1.49978925e-02   0.00000000e+00   0.00000000e+00]
 [ -3.01695671e-02  -5.38014117e-02  -2.70328999e-02  -2.34445136e-02]
 [  2.22684897e-02   5.92406849e-02   2.46548202e-02   1.28395093e-02]]
Time taken for 4D intervals exp:  46.351011753082275 , number of intervals:  8
Avg AR burnin:  0.24605 , Avg AR sampling:  0.05831

 Estimated ordinary:  [[ -1.76742294e-03  -2.94764141e-02   9.97928419e-01   2.10786266e-02
    7.27104991e-03  -1.02979802e-02  -3.30049932e-03   0.00000000e+00
   -3.26634350e-03  -4.81262340e-03   1.30303571e-02  -3.27712956e-03
    0.00000000e+00   6.04197036e-03   1.40372522e-03  -6.92440794e-03
    0.00000000e+00  -1.24739582e-03   0.00000000e+00  -1.62044341e-02
   -4.08358791e-03   1.66492203e-03  -3.00981847e-02   4.01378601e-03
    1.15551997e-02  -6.74612969e-03  -9.55797683e-03   0.00000000e+00
    0.00000000e+00   8.22928021e-03  -1.59178726e-02  -1.03272326e-02
    0.00000000e+00  -3.39526919e-03   1.44688918e-03]
 [ -2.26021066e-03  -8.56833418e+00  -3.72386582e-02   3.54404678e+00
    1.63394302e-02  -8.72279110e-03  -7.61350448e-03   1.44790499e-03
   -4.87546313e-03  -6.80158846e-03   1.68843481e-02  -1.16708892e-02
    2.73512202e-03   0.00000000e+00   0.00000000e+00   4.95944964e-02
   -1.30002638e-02   2.29445433e-03  -1.52905755e-03  -5.49106536e-02
   -4.37763160e-03   0.00000000e+00   3.83134591e-02  -8.71676587e-03
   -1.99537092e-02   1.22004765e-02  -5.57887165e-03  -1.27137990e-03
   -6.93085669e-03   9.02506623e-03  -5.04857019e-03   0.00000000e+00
   -1.68785592e-03  -6.05478610e-03   3.84914771e-03]
 [ -3.40729203e-03   1.81863671e-02   6.60820915e-03  -1.92536185e-02
    1.00113801e+00  -9.36279054e-03  -4.25254843e-03   1.35072416e-03
    0.00000000e+00  -4.47244656e-03   1.27208484e-02  -5.40659140e-03
    2.23196778e-03   5.23452713e-03   1.75280993e-03   5.91886602e-03
   -8.03782244e-03   0.00000000e+00  -6.80925384e-04  -2.55653825e-02
    0.00000000e+00   1.74773549e-03   3.41571757e-03   0.00000000e+00
   -2.95479208e-03   4.53462571e-03  -9.46173731e-03   0.00000000e+00
   -9.23967337e-03   9.47386831e-03  -1.19586769e-02  -6.48648342e-03
    0.00000000e+00  -3.04227011e-03   1.60194037e-03]
 [ -3.10216175e-03   2.37897471e+00   1.58887210e-02  -4.34835004e+00
   -1.87026499e-02  -8.40099071e-03  -4.07056397e-03   1.21313209e-03
    0.00000000e+00  -2.75845927e-03   1.23075369e-02  -3.33219311e-03
    2.25107943e-03   8.22942732e-03   1.95444325e-03  -1.69223369e-02
   -3.44775199e-03  -2.33108762e-03   0.00000000e+00   0.00000000e+00
    0.00000000e+00   2.82519828e-03  -3.40547219e-02   6.81039409e-03
    1.39172345e-02  -4.84958905e-03  -1.16934064e-02   0.00000000e+00
   -6.18412523e-03   9.18422611e-03  -1.79891755e-02  -1.33958456e-02
    0.00000000e+00  -2.63843477e-03   8.34243691e-04]] 
 True ordinary:  [[ 0.          0.          1.          0.          0.          0.          0.
   0.          0.          0.          0.          0.          0.          0.
   0.          0.          0.          0.          0.          0.          0.
   0.          0.          0.          0.          0.          0.          0.
   0.          0.          0.          0.          0.          0.          0.        ]
 [ 0.         -8.5         0.          3.5         0.          0.          0.
   0.          0.          0.          0.          0.          0.          0.
   0.          0.          0.          0.          0.          0.          0.
   0.          0.          0.          0.          0.          0.          0.
   0.          0.          0.          0.          0.          0.          0.        ]
 [ 0.          0.          0.          0.          1.          0.          0.
   0.          0.          0.          0.          0.          0.          0.
   0.          0.          0.          0.          0.          0.          0.
   0.          0.          0.          0.          0.          0.          0.
   0.          0.          0.          0.          0.          0.          0.        ]
 [ 0.          2.33333333  0.         -4.33333333  0.          0.          0.
   0.          0.          0.          0.          0.          0.          0.
   0.          0.          0.          0.          0.          0.          0.
   0.          0.          0.          0.          0.          0.          0.
   0.          0.          0.          0.          0.          0.          0.        ]]

 Estimated hermite:  [[  1.48828505e-02  -5.77565794e-01   6.29538854e+00   2.37563746e-01
   -6.94435537e-02  -9.15054409e-02  -2.07376488e-02   0.00000000e+00
   -2.05230415e-02  -3.02386046e-02   1.15784703e-01  -2.05908123e-02
    0.00000000e+00   3.79628194e-02   1.24731737e-02  -1.06570779e-01
    0.00000000e+00  -1.10840672e-02   0.00000000e+00  -1.43988807e-01
   -2.56579396e-02   1.47941074e-02  -2.67445422e-01   3.56655628e-02
    1.77841433e-01  -5.99445290e-02  -6.00545396e-02   0.00000000e+00
    0.00000000e+00   5.17060925e-02  -1.41442489e-01  -9.17653711e-02
    0.00000000e+00  -3.01695671e-02   2.22684897e-02]
 [  4.61767078e-02  -5.26464502e+01  -4.09856679e-01   2.15087269e+01
    2.12166830e-01  -7.75086795e-02  -4.78370595e-02   1.28657448e-02
   -3.06334383e-02  -4.27356407e-02   1.50030364e-01  -7.33303596e-02
    1.71852785e-02   0.00000000e+00   0.00000000e+00   7.63288956e-01
   -1.15517301e-01   2.03879840e-02  -2.35331101e-02  -4.87923212e-01
   -2.75054706e-02   0.00000000e+00   3.40444428e-01  -7.74551407e-02
   -3.07099516e-01   1.08410578e-01  -3.50530844e-02  -1.12971841e-02
   -4.35478569e-02   5.67061635e-02  -4.48604127e-02   0.00000000e+00
   -1.49978925e-02  -5.38014117e-02   5.92406849e-02]
 [  1.91907322e-02   2.06542120e-01  -2.18176663e-02  -3.45436408e-01
    6.27388483e+00  -8.31955646e-02  -2.67195498e-02   1.20022187e-02
    0.00000000e+00  -2.81012105e-02   1.13034480e-01  -3.39706156e-02
    1.40238672e-02   3.28895039e-02   1.55750587e-02   9.10948873e-02
   -7.14222083e-02   0.00000000e+00  -1.04798488e-02  -2.27168004e-01
    0.00000000e+00   1.55299684e-02   3.03512666e-02   0.00000000e+00
   -4.54760169e-02   4.02936224e-02  -5.94498488e-02   0.00000000e+00
   -5.80545800e-02   5.95260702e-02  -1.06262003e-01  -5.76373730e-02
    0.00000000e+00  -2.70328999e-02   2.46548202e-02]
 [  2.49565593e-02   1.43157731e+01   1.20959881e-01  -2.70579819e+01
   -2.45287282e-01  -7.46492366e-02  -2.55761077e-02   1.07796078e-02
    0.00000000e+00  -1.73319107e-02   1.09361891e-01  -2.09367868e-02
    1.41439492e-02   5.17070168e-02   1.73667251e-02  -2.60444883e-01
   -3.06359170e-02  -2.07134988e-02   0.00000000e+00   0.00000000e+00
    0.00000000e+00   2.51040505e-02  -3.02602286e-01   6.05155674e-02
    2.14194561e-01  -4.30923129e-02  -7.34718394e-02   0.00000000e+00
   -3.88560048e-02   5.77061945e-02  -1.59847602e-01  -1.19032348e-01
    0.00000000e+00  -2.34445136e-02   1.28395093e-02]] 
 True hermite:  [[  0.           0.           6.28318531   0.           0.           0.
    0.           0.           0.           0.           0.           0.
    0.           0.           0.           0.           0.           0.
    0.           0.           0.           0.           0.           0.
    0.           0.           0.           0.           0.           0.
    0.           0.           0.           0.           0.        ]
 [  0.         -53.40707511   0.          21.99114858   0.           0.
    0.           0.           0.           0.           0.           0.
    0.           0.           0.           0.           0.           0.
    0.           0.           0.           0.           0.           0.
    0.           0.           0.           0.           0.           0.
    0.           0.           0.           0.           0.        ]
 [  0.           0.           0.           0.           6.28318531   0.
    0.           0.           0.           0.           0.           0.
    0.           0.           0.           0.           0.           0.
    0.           0.           0.           0.           0.           0.
    0.           0.           0.           0.           0.           0.
    0.           0.           0.           0.           0.        ]
 [  0.          14.66076572   0.         -27.22713633   0.           0.
    0.           0.           0.           0.           0.           0.
    0.           0.           0.           0.           0.           0.
    0.           0.           0.           0.           0.           0.
    0.           0.           0.           0.           0.           0.
    0.           0.           0.           0.           0.        ]]


