My SLURM_ARRAY_TASK_ID:  6
Data shape: (10, 101, 4)
Theta shape: (35, 4)
Theta: [[ 0.00575504  0.11338373  0.33694468  0.26721425]
 [ 0.23468428  0.03191323  0.00786916  0.45097945]
 [ 0.44602144  0.36648963  0.2626766   0.35047195]
 [ 0.45669893  0.36500604  0.40397074  0.27844885]
 [ 0.04456361  0.04833349  0.33800688  0.24148909]
 [ 0.11722291  0.39028724  0.3750418   0.18506957]
 [ 0.16213555  0.42417347  0.00737282  0.04124519]
 [ 0.33221848  0.45844115  0.26176926  0.38865537]
 [ 0.00593856  0.15445856  0.17556754  0.2001113 ]
 [ 0.42396433  0.47637102  0.02831472  0.32298577]
 [ 0.48219238  0.21763223  0.32691777  0.14317512]
 [ 0.1007458   0.39114788  0.16533968  0.31636493]
 [ 0.48627363  0.13108141  0.14775473  0.29080088]
 [ 0.39067382  0.4845267   0.49186301  0.14514429]
 [ 0.25454433  0.45641868  0.00208357  0.34553553]
 [ 0.29238458  0.41445856  0.02353136  0.25794504]
 [ 0.21880041  0.12940619  0.47736301  0.42946159]
 [ 0.24607523  0.04032352  0.33109449  0.41919039]
 [ 0.12116882  0.19476654  0.00898247  0.44055811]
 [ 0.238969    0.09337616  0.06863674  0.33985346]
 [ 0.01005436  0.48777863  0.41581831  0.42438694]
 [ 0.17425345  0.22713436  0.46463537  0.34419204]
 [ 0.23014794  0.10523751  0.26671378  0.41859578]
 [ 0.29582651  0.37740523  0.07529191  0.41770924]
 [ 0.45377239  0.19136925  0.42488935  0.35173177]
 [ 0.31468621  0.48852722  0.15599818  0.1063819 ]
 [ 0.25718425  0.37121348  0.10569961  0.22565809]
 [ 0.47011274  0.19061641  0.00361883  0.13903635]
 [ 0.27031476  0.12332821  0.03088715  0.04325482]
 [ 0.36601308  0.17552061  0.27145487  0.02268265]
 [ 0.06505011  0.04261647  0.49262116  0.21871416]
 [ 0.49068579  0.09919677  0.4080042   0.32312015]
 [ 0.32405673  0.13724037  0.44681353  0.26986043]
 [ 0.07981673  0.4048387   0.3223075   0.47772604]
 [ 0.15869549  0.1038182   0.27170399  0.27030332]]
1
4.60801623099
[[  2.28858041e-02   6.32248079e-02   2.26653057e-02   4.18350723e-02]
 [ -6.82056214e-01  -5.34533958e+01   2.13771842e-01   1.47188104e+01]
 [  6.23213442e+00  -5.14073455e-01   0.00000000e+00   1.56949577e-01]
 [  2.83435571e-01   2.18020668e+01  -3.35270020e-01  -2.72968976e+01]
 [ -6.36876063e-02   2.62139234e-01   6.25434666e+00  -3.04031399e-01]
 [ -6.43632938e-02  -5.93892543e-02  -5.88912370e-02  -5.58110605e-02]
 [ -2.41819950e-02  -6.51533615e-02  -1.49442389e-02  -4.44303894e-02]
 [  0.00000000e+00   1.45575930e-02   0.00000000e+00   0.00000000e+00]
 [ -2.05907619e-02  -2.20757785e-02   0.00000000e+00   0.00000000e+00]
 [ -3.29996713e-02  -4.14718343e-02  -3.68765835e-02  -2.72315823e-02]
 [  9.82398029e-02   1.90172368e-01   9.19614055e-02   1.08174239e-01]
 [ -1.59615831e-02  -7.88541919e-02  -2.67423888e-02  -5.09599090e-02]
 [  0.00000000e+00   2.01583646e-02   0.00000000e+00   0.00000000e+00]
 [  2.35156895e-02   0.00000000e+00   2.02282840e-02   7.02526651e-02]
 [  1.45265608e-02   3.33044978e-02   1.68258302e-02   2.19430892e-02]
 [ -1.19769106e-01  -8.59183788e-02   1.04223444e-01   1.31988809e-01]
 [ -9.88843376e-02  -9.59818136e-02  -2.41163089e-02  -3.30510406e-02]
 [ -1.30251062e-02   0.00000000e+00  -1.20539635e-02  -1.33220708e-02]
 [  0.00000000e+00  -2.67870568e-02   0.00000000e+00   0.00000000e+00]
 [ -7.18253048e-02  -4.07393690e-02  -1.67964546e-01  -2.30040977e-01]
 [  2.85337958e-02  -5.64830508e-02   0.00000000e+00  -2.74536009e-02]
 [  0.00000000e+00   0.00000000e+00   0.00000000e+00   0.00000000e+00]
 [ -2.25830289e-01  -8.22348078e-02  -4.25105479e-02  -5.90790158e-02]
 [ -1.67486863e-02  -8.72602322e-02   0.00000000e+00   7.36875296e-02]
 [  1.34922820e-01  -1.21994326e-01  -1.23492577e-02   2.44578137e-02]
 [ -2.69665452e-02   8.23078866e-02   0.00000000e+00  -4.76044879e-02]
 [ -7.94360620e-02  -5.81178991e-02  -7.44098006e-02  -6.91957741e-02]
 [  0.00000000e+00  -1.09987924e-02  -1.07663656e-02   0.00000000e+00]
 [ -2.76942063e-02  -6.87133466e-02  -2.20893392e-02  -4.25732274e-02]
 [  5.00978388e-02   8.38423215e-02   5.85033254e-02   3.22570552e-02]
 [ -1.40971905e-01   0.00000000e+00  -1.16576203e-01  -1.63549311e-01]
 [ -9.46310838e-02  -7.33724061e-02  -5.71068566e-02  -1.15783863e-01]
 [  0.00000000e+00  -1.38804157e-02   0.00000000e+00   1.22051993e-02]
 [ -2.56274681e-02   0.00000000e+00  -3.76225045e-02  -5.07440166e-02]
 [  2.60930888e-02   6.20588933e-02   1.48022505e-02   0.00000000e+00]]
2
Finished successfully!, number of iterations:  2
0.0511575910919
[[  1.75640862e-02   4.26123161e-02   1.66037041e-02   2.21756422e-02]
 [ -7.38192166e-01  -5.26273684e+01   2.32195216e-01   1.42946770e+01]
 [  6.28619293e+00  -5.50923808e-01  -2.48554331e-02   1.61450966e-01]
 [  3.07493302e-01   2.15520148e+01  -4.22771394e-01  -2.70333142e+01]
 [ -6.12904207e-02   2.82582506e-01   6.26778676e+00  -3.05377120e-01]
 [ -8.95126125e-02  -8.04976030e-02  -8.46949084e-02  -7.83115553e-02]
 [ -2.11984566e-02  -5.25643537e-02  -2.73045320e-02  -2.10992933e-02]
 [  0.00000000e+00   1.29094352e-02   1.19595919e-02   1.08450681e-02]
 [ -1.96586990e-02  -2.88507092e-02   0.00000000e+00   0.00000000e+00]
 [ -3.03975986e-02  -4.89243515e-02  -2.71575440e-02  -1.78192611e-02]
 [  1.17083244e-01   1.42194924e-01   1.09904789e-01   1.17327076e-01]
 [ -1.94178463e-02  -7.06048783e-02  -3.07846417e-02  -2.26949429e-02]
 [  0.00000000e+00   1.87389088e-02   1.37548488e-02   1.11494609e-02]
 [  3.73205912e-02  -1.43813050e-02   3.42726213e-02   6.04964780e-02]
 [  1.36136609e-02   1.01532731e-02   1.66107049e-02   1.66825333e-02]
 [ -1.45911967e-01   7.51155041e-01   8.81748285e-02  -2.66740037e-01]
 [  0.00000000e+00  -1.35424355e-01  -7.61007794e-02  -2.28230303e-02]
 [ -1.30149978e-02   2.39111281e-02   0.00000000e+00  -2.04496854e-02]
 [  0.00000000e+00  -3.11461097e-02   0.00000000e+00   0.00000000e+00]
 [ -1.12287519e-01  -5.01081606e-01  -2.15693726e-01   1.42623905e-02]
 [ -2.18644229e-02  -4.73492374e-02   0.00000000e+00   0.00000000e+00]
 [  1.46610390e-02   0.00000000e+00   1.30727904e-02   2.48315305e-02]
 [ -2.90250565e-01   3.53418093e-01   2.51473639e-02  -3.23396645e-01]
 [  2.91873787e-02  -1.14286378e-01  -1.38681996e-02   7.60934582e-02]
 [  1.87322417e-01  -2.57859383e-01  -6.78260436e-02   2.21613730e-01]
 [ -6.30654163e-02   1.22442897e-01   3.03764531e-02  -5.67955705e-02]
 [ -6.11532182e-02  -2.80748160e-02  -5.89068428e-02  -7.01044312e-02]
 [  0.00000000e+00  -1.77485302e-02   0.00000000e+00   0.00000000e+00]
 [ -1.14299282e-02  -6.82299185e-02  -6.53801204e-02  -1.74607386e-02]
 [  5.20990301e-02   6.43608546e-02   5.51486759e-02   5.49952803e-02]
 [ -1.30214647e-01  -2.08902702e-02  -1.08783315e-01  -1.58190523e-01]
 [ -1.00007162e-01   1.59286856e-02  -5.70181354e-02  -1.15902306e-01]
 [  0.00000000e+00  -2.44749074e-02   0.00000000e+00   1.43607029e-02]
 [ -2.60555290e-02  -4.39850527e-02  -3.49872472e-02  -1.42044685e-02]
 [  2.66151966e-02   6.52403025e-02   2.70575519e-02   1.27805148e-02]]
Time taken for 4D intervals exp:  51.30006814002991 , number of intervals:  6
Avg AR burnin:  0.25235 , Avg AR sampling:  0.078085

 Estimated ordinary:  [[ -1.83945014e-03  -4.36610321e-02   9.97193945e-01   2.63445230e-02
    6.80903004e-03  -1.00737082e-02  -3.37383915e-03   0.00000000e+00
   -3.12877911e-03  -4.83792807e-03   1.31764943e-02  -3.09044622e-03
    0.00000000e+00   5.93975657e-03   1.53207513e-03  -9.48059115e-03
    0.00000000e+00  -1.46470186e-03   0.00000000e+00  -1.26367857e-02
   -3.47983099e-03   1.64994658e-03  -3.26646649e-02   3.28473416e-03
    1.21712241e-02  -7.09735292e-03  -9.73283696e-03   0.00000000e+00
   -1.81912957e-03   8.29181817e-03  -1.46542965e-02  -1.12547599e-02
    0.00000000e+00  -2.93227723e-03   1.72931530e-03]
 [ -2.75689387e-03  -8.56658118e+00  -5.07543910e-02   3.54171428e+00
    2.28262145e-02  -9.05916317e-03  -8.36587672e-03   1.45282189e-03
   -4.59173299e-03  -7.78655238e-03   1.60025512e-02  -1.12371154e-02
    2.98238997e-03  -2.28885579e-03   1.14264468e-03   4.88060986e-02
   -1.52405946e-02   2.69094735e-03  -2.02371018e-03  -5.63914932e-02
   -7.53586518e-03   0.00000000e+00   3.97735094e-02  -1.28617364e-02
   -1.67543447e-02   1.37796672e-02  -4.46824574e-03  -1.99741141e-03
   -1.08591288e-02   1.02433482e-02  -2.35098139e-03   1.79260694e-03
   -2.75439481e-03  -4.95005757e-03   4.23897126e-03]
 [ -3.40983483e-03   2.33543305e-02   6.16920243e-03  -2.73249045e-02
    1.00109894e+00  -9.53152599e-03  -4.34565124e-03   1.34592697e-03
    0.00000000e+00  -4.32225737e-03   1.23686344e-02  -4.89952789e-03
    2.18915218e-03   5.45465710e-03   1.86936108e-03   5.72913598e-03
   -8.56434667e-03   0.00000000e+00   0.00000000e+00  -2.42740726e-02
    0.00000000e+00   1.47120581e-03   2.83007275e-03  -1.56072079e-03
   -4.40697910e-03   3.41855205e-03  -9.37531522e-03   0.00000000e+00
   -1.04055693e-02   8.77718437e-03  -1.22424241e-02  -6.41679470e-03
    0.00000000e+00  -3.93744869e-03   1.75805722e-03]
 [ -3.95936927e-03   2.37880250e+00   1.80845430e-02  -4.34848451e+00
   -2.68990739e-02  -8.81314638e-03  -3.35805683e-03   1.22049897e-03
    0.00000000e+00  -2.83602348e-03   1.32039351e-02  -3.61201234e-03
    1.77449181e-03   9.62831352e-03   1.87744461e-03  -1.73313628e-02
   -2.56849332e-03  -2.30139818e-03   0.00000000e+00   1.60508286e-03
    0.00000000e+00   2.79452901e-03  -3.63949095e-02   8.56352275e-03
    1.43992931e-02  -6.39174735e-03  -1.11574668e-02   0.00000000e+00
   -2.77896286e-03   8.75277071e-03  -1.78026886e-02  -1.30435921e-02
    1.61614689e-03  -1.59856435e-03   8.30410540e-04]] 
 True ordinary:  [[ 0.          0.          1.          0.          0.          0.          0.
   0.          0.          0.          0.          0.          0.          0.
   0.          0.          0.          0.          0.          0.          0.
   0.          0.          0.          0.          0.          0.          0.
   0.          0.          0.          0.          0.          0.          0.        ]
 [ 0.         -8.5         0.          3.5         0.          0.          0.
   0.          0.          0.          0.          0.          0.          0.
   0.          0.          0.          0.          0.          0.          0.
   0.          0.          0.          0.          0.          0.          0.
   0.          0.          0.          0.          0.          0.          0.        ]
 [ 0.          0.          0.          0.          1.          0.          0.
   0.          0.          0.          0.          0.          0.          0.
   0.          0.          0.          0.          0.          0.          0.
   0.          0.          0.          0.          0.          0.          0.
   0.          0.          0.          0.          0.          0.          0.        ]
 [ 0.          2.33333333  0.         -4.33333333  0.          0.          0.
   0.          0.          0.          0.          0.          0.          0.
   0.          0.          0.          0.          0.          0.          0.
   0.          0.          0.          0.          0.          0.          0.
   0.          0.          0.          0.          0.          0.          0.        ]]

 Estimated hermite:  [[  1.75640862e-02  -7.38192166e-01   6.28619293e+00   3.07493302e-01
   -6.12904207e-02  -8.95126125e-02  -2.11984566e-02   0.00000000e+00
   -1.96586990e-02  -3.03975986e-02   1.17083244e-01  -1.94178463e-02
    0.00000000e+00   3.73205912e-02   1.36136609e-02  -1.45911967e-01
    0.00000000e+00  -1.30149978e-02   0.00000000e+00  -1.12287519e-01
   -2.18644229e-02   1.46610390e-02  -2.90250565e-01   2.91873787e-02
    1.87322417e-01  -6.30654163e-02  -6.11532182e-02   0.00000000e+00
   -1.14299282e-02   5.20990301e-02  -1.30214647e-01  -1.00007162e-01
    0.00000000e+00  -2.60555290e-02   2.66151966e-02]
 [  4.26123161e-02  -5.26273684e+01  -5.50923808e-01   2.15520148e+01
    2.82582506e-01  -8.04976030e-02  -5.25643537e-02   1.29094352e-02
   -2.88507092e-02  -4.89243515e-02   1.42194924e-01  -7.06048783e-02
    1.87389088e-02  -1.43813050e-02   1.01532731e-02   7.51155041e-01
   -1.35424355e-01   2.39111281e-02  -3.11461097e-02  -5.01081606e-01
   -4.73492374e-02   0.00000000e+00   3.53418093e-01  -1.14286378e-01
   -2.57859383e-01   1.22442897e-01  -2.80748160e-02  -1.77485302e-02
   -6.82299185e-02   6.43608546e-02  -2.08902702e-02   1.59286856e-02
   -2.44749074e-02  -4.39850527e-02   6.52403025e-02]
 [  1.66037041e-02   2.32195216e-01  -2.48554331e-02  -4.22771394e-01
    6.26778676e+00  -8.46949084e-02  -2.73045320e-02   1.19595919e-02
    0.00000000e+00  -2.71575440e-02   1.09904789e-01  -3.07846417e-02
    1.37548488e-02   3.42726213e-02   1.66107049e-02   8.81748285e-02
   -7.61007794e-02   0.00000000e+00   0.00000000e+00  -2.15693726e-01
    0.00000000e+00   1.30727904e-02   2.51473639e-02  -1.38681996e-02
   -6.78260436e-02   3.03764531e-02  -5.89068428e-02   0.00000000e+00
   -6.53801204e-02   5.51486759e-02  -1.08783315e-01  -5.70181354e-02
    0.00000000e+00  -3.49872472e-02   2.70575519e-02]
 [  2.21756422e-02   1.42946770e+01   1.61450966e-01  -2.70333142e+01
   -3.05377120e-01  -7.83115553e-02  -2.10992933e-02   1.08450681e-02
    0.00000000e+00  -1.78192611e-02   1.17327076e-01  -2.26949429e-02
    1.11494609e-02   6.04964780e-02   1.66825333e-02  -2.66740037e-01
   -2.28230303e-02  -2.04496854e-02   0.00000000e+00   1.42623905e-02
    0.00000000e+00   2.48315305e-02  -3.23396645e-01   7.60934582e-02
    2.21613730e-01  -5.67955705e-02  -7.01044312e-02   0.00000000e+00
   -1.74607386e-02   5.49952803e-02  -1.58190523e-01  -1.15902306e-01
    1.43607029e-02  -1.42044685e-02   1.27805148e-02]] 
 True hermite:  [[  0.           0.           6.28318531   0.           0.           0.
    0.           0.           0.           0.           0.           0.
    0.           0.           0.           0.           0.           0.
    0.           0.           0.           0.           0.           0.
    0.           0.           0.           0.           0.           0.
    0.           0.           0.           0.           0.        ]
 [  0.         -53.40707511   0.          21.99114858   0.           0.
    0.           0.           0.           0.           0.           0.
    0.           0.           0.           0.           0.           0.
    0.           0.           0.           0.           0.           0.
    0.           0.           0.           0.           0.           0.
    0.           0.           0.           0.           0.        ]
 [  0.           0.           0.           0.           6.28318531   0.
    0.           0.           0.           0.           0.           0.
    0.           0.           0.           0.           0.           0.
    0.           0.           0.           0.           0.           0.
    0.           0.           0.           0.           0.           0.
    0.           0.           0.           0.           0.        ]
 [  0.          14.66076572   0.         -27.22713633   0.           0.
    0.           0.           0.           0.           0.           0.
    0.           0.           0.           0.           0.           0.
    0.           0.           0.           0.           0.           0.
    0.           0.           0.           0.           0.           0.
    0.           0.           0.           0.           0.        ]]


