My SLURM_ARRAY_TASK_ID:  5
Data shape: (10, 101, 4)
Theta shape: (35, 4)
Theta: [[ 0.2805718   0.00237201  0.38123994  0.38342174]
 [ 0.17065568  0.03766211  0.34360193  0.49392131]
 [ 0.40135692  0.09491935  0.38400958  0.12671435]
 [ 0.09712392  0.38663169  0.38952351  0.46235889]
 [ 0.01606761  0.44744456  0.43774688  0.03654428]
 [ 0.3817229   0.11918702  0.42388234  0.00587048]
 [ 0.35722355  0.36950763  0.27031635  0.12522558]
 [ 0.37591114  0.03484864  0.36933345  0.13327974]
 [ 0.1449398   0.24708603  0.31615119  0.08098595]
 [ 0.36906205  0.40306041  0.20016327  0.05185473]
 [ 0.46263516  0.00741002  0.23305198  0.22234326]
 [ 0.47891689  0.40495555  0.16890422  0.01032009]
 [ 0.19421874  0.44359657  0.38431997  0.02187628]
 [ 0.26547591  0.09431702  0.26031605  0.13360166]
 [ 0.34200104  0.43314785  0.42570197  0.3438067 ]
 [ 0.2874246   0.28549739  0.20750772  0.37011303]
 [ 0.28850182  0.11049026  0.31351635  0.25971592]
 [ 0.2965498   0.40523299  0.09141499  0.05982796]
 [ 0.14512867  0.29662735  0.3195462   0.45917894]
 [ 0.0229214   0.00544491  0.37848298  0.2489883 ]
 [ 0.45769733  0.12896903  0.10881089  0.3180207 ]
 [ 0.05122839  0.04704207  0.48468746  0.0388984 ]
 [ 0.07163276  0.42328618  0.47868986  0.42607139]
 [ 0.17840671  0.23167688  0.06513465  0.03394934]
 [ 0.09608576  0.18706525  0.08536511  0.14768721]
 [ 0.09102684  0.14146822  0.07961026  0.27024728]
 [ 0.36836612  0.39223411  0.31163786  0.1629551 ]
 [ 0.09252673  0.27393329  0.23980729  0.20156007]
 [ 0.15769986  0.14876939  0.38332003  0.43953097]
 [ 0.11684073  0.13941861  0.11025794  0.22147933]
 [ 0.2058496   0.19169052  0.37941281  0.05201733]
 [ 0.41068331  0.38886098  0.25759453  0.20853106]
 [ 0.21966204  0.40786374  0.19739492  0.10647363]
 [ 0.17766739  0.29740064  0.14795499  0.00061913]
 [ 0.27902548  0.31513893  0.08561029  0.28355132]]
1
4.91957541174
[[  0.00000000e+00   3.78231287e-02   4.97291140e-02   3.38806351e-02]
 [ -7.74740065e-01  -5.34231451e+01   2.51596945e-01   1.46578477e+01]
 [  6.27708420e+00  -6.30836919e-01  -1.27657890e-02   1.68079432e-01]
 [  3.38675408e-01   2.19009239e+01  -4.06571742e-01  -2.72867339e+01]
 [ -4.49493744e-02   3.13597733e-01   6.22948429e+00  -3.24774589e-01]
 [ -7.48923931e-02  -9.53848694e-02  -4.17325752e-02  -6.81346814e-02]
 [ -2.41259438e-02  -5.78865824e-02  -2.64885488e-02  -4.00037222e-02]
 [  0.00000000e+00   2.01166454e-02   0.00000000e+00   0.00000000e+00]
 [  0.00000000e+00   0.00000000e+00  -2.52823859e-02   0.00000000e+00]
 [ -3.72877644e-02  -5.55571676e-02  -3.14591742e-02  -1.87848721e-02]
 [  8.67484598e-02   1.54278807e-01   1.22540607e-01   1.21638247e-01]
 [ -2.68235117e-02  -9.76667289e-02  -2.79404845e-02  -2.39396727e-02]
 [  0.00000000e+00   2.96010383e-02   1.21015219e-02   0.00000000e+00]
 [  2.99878311e-02   1.41245968e-02   3.15911110e-02   3.79410456e-02]
 [  1.52327946e-02   3.24286210e-02   1.18069450e-02   1.02483373e-02]
 [ -1.34579406e-01  -5.85903876e-02   1.00895094e-01   6.67895011e-02]
 [ -4.37217504e-02  -9.48919282e-02  -5.12324983e-02  -2.68954801e-02]
 [ -1.45633779e-02  -4.87347675e-02   0.00000000e+00   0.00000000e+00]
 [ -1.57437236e-02  -3.02320318e-02   0.00000000e+00   0.00000000e+00]
 [ -1.05205326e-01  -9.09147546e-02  -1.71222511e-01  -1.94746111e-01]
 [ -1.84288203e-02  -1.37443977e-02  -1.67145324e-02   0.00000000e+00]
 [  1.60613232e-02   3.12618761e-02   0.00000000e+00   1.09262501e-02]
 [ -2.12365545e-01  -1.22196117e-01   0.00000000e+00  -8.83343353e-02]
 [  0.00000000e+00  -1.43288834e-01   0.00000000e+00   5.69778848e-02]
 [  1.78974548e-01  -3.96197702e-02  -3.26164791e-02   4.08327000e-02]
 [  0.00000000e+00   1.36889981e-01   0.00000000e+00  -2.39749683e-02]
 [ -6.55273025e-02  -1.00206257e-01  -5.72900273e-02  -6.11111812e-02]
 [  0.00000000e+00  -1.64086568e-02   0.00000000e+00   0.00000000e+00]
 [ -1.42959470e-02  -4.80282519e-02  -2.88644639e-02  -5.35493635e-02]
 [  4.46686120e-02   8.76191676e-02   5.23222766e-02   3.96114181e-02]
 [ -1.43340641e-01  -3.04705394e-02  -1.59680332e-01  -1.47384435e-01]
 [ -1.05031753e-01  -1.22635780e-01  -5.16128264e-02  -8.91094158e-02]
 [  0.00000000e+00  -1.40003393e-02   0.00000000e+00   0.00000000e+00]
 [ -2.59386226e-02   0.00000000e+00  -4.04180000e-02  -2.13934182e-02]
 [  3.28594237e-02   6.89147287e-02   2.81950160e-02   0.00000000e+00]]
2
Finished successfully!, number of iterations:  2
0.0535605201319
[[  1.05141892e-02   3.42757359e-02   1.88199956e-02   3.23508368e-02]
 [ -8.91779589e-01  -5.25721713e+01   2.84205078e-01   1.43214175e+01]
 [  6.28889401e+00  -6.68212302e-01  -2.28137371e-02   1.96419222e-01]
 [  4.14106384e-01   2.14651146e+01  -4.87575118e-01  -2.70398862e+01]
 [ -6.98343597e-02   3.16639178e-01   6.26000808e+00  -3.65287138e-01]
 [ -9.36946695e-02  -8.45378352e-02  -8.43429456e-02  -6.93867960e-02]
 [ -1.87194637e-02  -5.31256541e-02  -2.56442268e-02  -2.08725165e-02]
 [  0.00000000e+00   1.14829520e-02   1.18183086e-02   1.06274598e-02]
 [ -1.82942181e-02  -2.10260139e-02   0.00000000e+00   0.00000000e+00]
 [ -3.03767759e-02  -4.79446612e-02  -2.64092656e-02  -2.10368351e-02]
 [  1.08205036e-01   1.38593529e-01   1.13198877e-01   1.20100551e-01]
 [ -1.92590359e-02  -8.22438043e-02  -3.20618085e-02  -1.74705397e-02]
 [  0.00000000e+00   1.84949825e-02   1.31074064e-02   1.02767169e-02]
 [  3.87040961e-02  -1.79360426e-02   3.99345477e-02   5.60924231e-02]
 [  1.51314670e-02   1.00825032e-02   1.58726569e-02   1.27028591e-02]
 [ -1.87999149e-01   7.88617477e-01   1.09696665e-01  -2.63722031e-01]
 [  0.00000000e+00  -1.61042083e-01  -7.53286444e-02  -1.78272766e-02]
 [ -1.78970507e-02   2.53487962e-02   0.00000000e+00  -2.11894437e-02]
 [  0.00000000e+00  -3.43086652e-02   0.00000000e+00   0.00000000e+00]
 [ -9.28578328e-02  -5.07808571e-01  -2.17738663e-01   2.40950844e-02]
 [ -2.06319248e-02  -3.12870310e-02   1.63714180e-02   0.00000000e+00]
 [  1.84383103e-02   0.00000000e+00   1.23295530e-02   2.17791689e-02]
 [ -3.24440277e-01   3.72002679e-01   4.18527770e-02  -2.77953004e-01]
 [  3.30821971e-02  -1.48218814e-01  -1.21464389e-02   9.35088261e-02]
 [  2.40969814e-01  -3.26135789e-01  -9.03741112e-02   2.05167243e-01]
 [ -6.73734042e-02   1.23321835e-01   2.95136012e-02  -6.32757689e-02]
 [ -7.01888221e-02  -2.43783361e-02  -5.73039783e-02  -7.12582989e-02]
 [  0.00000000e+00  -1.66780015e-02   0.00000000e+00   0.00000000e+00]
 [  0.00000000e+00  -4.24370890e-02  -5.63534033e-02  -2.40245328e-02]
 [  5.69749126e-02   5.16418189e-02   5.66978336e-02   4.83056299e-02]
 [ -1.37818108e-01  -1.57533780e-02  -1.21458308e-01  -1.66351316e-01]
 [ -1.12565695e-01   2.02982007e-02  -5.11978764e-02  -1.14034036e-01]
 [  0.00000000e+00  -2.52934362e-02   0.00000000e+00   1.15880517e-02]
 [ -1.23179169e-02  -5.51723137e-02  -3.28549964e-02  -1.73255353e-02]
 [  2.20580501e-02   6.47560540e-02   2.69032452e-02   0.00000000e+00]]
Time taken for 4D intervals exp:  49.87265205383301 , number of intervals:  5
Avg AR burnin:  0.29205 , Avg AR sampling:  0.116355

 Estimated ordinary:  [[ -1.66249313e-03  -5.40909692e-02   9.97185513e-01   2.86976212e-02
    7.67802696e-03  -1.05443550e-02  -2.97929518e-03   0.00000000e+00
   -2.91161525e-03  -4.83461403e-03   1.21773450e-02  -3.06517076e-03
    0.00000000e+00   6.15994822e-03   1.70288832e-03  -1.22151946e-02
    0.00000000e+00  -2.01412584e-03   0.00000000e+00  -1.04501777e-02
   -3.28367282e-03   2.07503895e-03  -3.65123594e-02   3.72305523e-03
    1.56569494e-02  -7.58217188e-03  -1.11708980e-02   0.00000000e+00
    0.00000000e+00   9.06783898e-03  -1.55099864e-02  -1.26680915e-02
    0.00000000e+00  -1.38625270e-03   1.43321593e-03]
 [ -3.05521649e-03  -8.56784366e+00  -6.20111112e-02   3.54320846e+00
    2.75433984e-02  -9.51384904e-03  -8.45521046e-03   1.29228613e-03
   -3.34639405e-03  -7.63062983e-03   1.55972519e-02  -1.30895080e-02
    2.94356789e-03  -2.85460984e-03   1.13468026e-03   5.12402104e-02
   -1.81236019e-02   2.85274185e-03  -2.22919638e-03  -5.71485427e-02
   -4.97948564e-03   0.00000000e+00   4.18650101e-02  -1.66804770e-02
   -2.11905860e-02   1.38785825e-02  -3.87993269e-03  -1.87693461e-03
   -6.75407249e-03   8.21905075e-03  -1.77287790e-03   2.28435016e-03
   -2.84651166e-03  -6.20906678e-03   4.20750735e-03]
 [ -3.36846641e-03   2.49018016e-02   6.21348656e-03  -3.31697561e-02
    1.00141455e+00  -9.49191626e-03  -4.08140545e-03   1.33002701e-03
    0.00000000e+00  -4.20316516e-03   1.27393495e-02  -5.10279531e-03
    2.08610852e-03   6.35578067e-03   1.78630150e-03   7.12751155e-03
   -8.47745095e-03   0.00000000e+00   0.00000000e+00  -2.45042088e-02
    2.60559210e-03   1.38756221e-03   4.71009225e-03  -1.36695464e-03
   -5.87203378e-03   3.32144709e-03  -9.12021141e-03   0.00000000e+00
   -8.96892269e-03   9.02374048e-03  -1.36688620e-02  -5.76178544e-03
    0.00000000e+00  -3.69748617e-03   1.74803118e-03]
 [ -3.18409033e-03   2.37722889e+00   2.14398093e-02  -4.34673646e+00
   -3.22951273e-02  -7.80875807e-03  -3.32196417e-03   1.19600943e-03
    0.00000000e+00  -3.34811629e-03   1.35160607e-02  -2.78052276e-03
    1.63559030e-03   8.92738641e-03   1.42957391e-03  -1.71352687e-02
   -2.00627350e-03  -2.38465023e-03   0.00000000e+00   2.71164971e-03
    0.00000000e+00   2.45101764e-03  -3.12807031e-02   1.05234402e-02
    1.33306869e-02  -7.12102590e-03  -1.13411105e-02   0.00000000e+00
   -3.82362315e-03   7.68807979e-03  -1.87211005e-02  -1.28333379e-02
    1.30411400e-03  -1.94980776e-03   0.00000000e+00]] 
 True ordinary:  [[ 0.          0.          1.          0.          0.          0.          0.
   0.          0.          0.          0.          0.          0.          0.
   0.          0.          0.          0.          0.          0.          0.
   0.          0.          0.          0.          0.          0.          0.
   0.          0.          0.          0.          0.          0.          0.        ]
 [ 0.         -8.5         0.          3.5         0.          0.          0.
   0.          0.          0.          0.          0.          0.          0.
   0.          0.          0.          0.          0.          0.          0.
   0.          0.          0.          0.          0.          0.          0.
   0.          0.          0.          0.          0.          0.          0.        ]
 [ 0.          0.          0.          0.          1.          0.          0.
   0.          0.          0.          0.          0.          0.          0.
   0.          0.          0.          0.          0.          0.          0.
   0.          0.          0.          0.          0.          0.          0.
   0.          0.          0.          0.          0.          0.          0.        ]
 [ 0.          2.33333333  0.         -4.33333333  0.          0.          0.
   0.          0.          0.          0.          0.          0.          0.
   0.          0.          0.          0.          0.          0.          0.
   0.          0.          0.          0.          0.          0.          0.
   0.          0.          0.          0.          0.          0.          0.        ]]

 Estimated hermite:  [[  1.05141892e-02  -8.91779589e-01   6.28889401e+00   4.14106384e-01
   -6.98343597e-02  -9.36946695e-02  -1.87194637e-02   0.00000000e+00
   -1.82942181e-02  -3.03767759e-02   1.08205036e-01  -1.92590359e-02
    0.00000000e+00   3.87040961e-02   1.51314670e-02  -1.87999149e-01
    0.00000000e+00  -1.78970507e-02   0.00000000e+00  -9.28578328e-02
   -2.06319248e-02   1.84383103e-02  -3.24440277e-01   3.30821971e-02
    2.40969814e-01  -6.73734042e-02  -7.01888221e-02   0.00000000e+00
    0.00000000e+00   5.69749126e-02  -1.37818108e-01  -1.12565695e-01
    0.00000000e+00  -1.23179169e-02   2.20580501e-02]
 [  3.42757359e-02  -5.25721713e+01  -6.68212302e-01   2.14651146e+01
    3.16639178e-01  -8.45378352e-02  -5.31256541e-02   1.14829520e-02
   -2.10260139e-02  -4.79446612e-02   1.38593529e-01  -8.22438043e-02
    1.84949825e-02  -1.79360426e-02   1.00825032e-02   7.88617477e-01
   -1.61042083e-01   2.53487962e-02  -3.43086652e-02  -5.07808571e-01
   -3.12870310e-02   0.00000000e+00   3.72002679e-01  -1.48218814e-01
   -3.26135789e-01   1.23321835e-01  -2.43783361e-02  -1.66780015e-02
   -4.24370890e-02   5.16418189e-02  -1.57533780e-02   2.02982007e-02
   -2.52934362e-02  -5.51723137e-02   6.47560540e-02]
 [  1.88199956e-02   2.84205078e-01  -2.28137371e-02  -4.87575118e-01
    6.26000808e+00  -8.43429456e-02  -2.56442268e-02   1.18183086e-02
    0.00000000e+00  -2.64092656e-02   1.13198877e-01  -3.20618085e-02
    1.31074064e-02   3.99345477e-02   1.58726569e-02   1.09696665e-01
   -7.53286444e-02   0.00000000e+00   0.00000000e+00  -2.17738663e-01
    1.63714180e-02   1.23295530e-02   4.18527770e-02  -1.21464389e-02
   -9.03741112e-02   2.95136012e-02  -5.73039783e-02   0.00000000e+00
   -5.63534033e-02   5.66978336e-02  -1.21458308e-01  -5.11978764e-02
    0.00000000e+00  -3.28549964e-02   2.69032452e-02]
 [  3.23508368e-02   1.43214175e+01   1.96419222e-01  -2.70398862e+01
   -3.65287138e-01  -6.93867960e-02  -2.08725165e-02   1.06274598e-02
    0.00000000e+00  -2.10368351e-02   1.20100551e-01  -1.74705397e-02
    1.02767169e-02   5.60924231e-02   1.27028591e-02  -2.63722031e-01
   -1.78272766e-02  -2.11894437e-02   0.00000000e+00   2.40950844e-02
    0.00000000e+00   2.17791689e-02  -2.77953004e-01   9.35088261e-02
    2.05167243e-01  -6.32757689e-02  -7.12582989e-02   0.00000000e+00
   -2.40245328e-02   4.83056299e-02  -1.66351316e-01  -1.14034036e-01
    1.15880517e-02  -1.73255353e-02   0.00000000e+00]] 
 True hermite:  [[  0.           0.           6.28318531   0.           0.           0.
    0.           0.           0.           0.           0.           0.
    0.           0.           0.           0.           0.           0.
    0.           0.           0.           0.           0.           0.
    0.           0.           0.           0.           0.           0.
    0.           0.           0.           0.           0.        ]
 [  0.         -53.40707511   0.          21.99114858   0.           0.
    0.           0.           0.           0.           0.           0.
    0.           0.           0.           0.           0.           0.
    0.           0.           0.           0.           0.           0.
    0.           0.           0.           0.           0.           0.
    0.           0.           0.           0.           0.        ]
 [  0.           0.           0.           0.           6.28318531   0.
    0.           0.           0.           0.           0.           0.
    0.           0.           0.           0.           0.           0.
    0.           0.           0.           0.           0.           0.
    0.           0.           0.           0.           0.           0.
    0.           0.           0.           0.           0.        ]
 [  0.          14.66076572   0.         -27.22713633   0.           0.
    0.           0.           0.           0.           0.           0.
    0.           0.           0.           0.           0.           0.
    0.           0.           0.           0.           0.           0.
    0.           0.           0.           0.           0.           0.
    0.           0.           0.           0.           0.        ]]


