My SLURM_ARRAY_TASK_ID:  1
Data shape: (10, 101, 4)
Theta shape: (35, 4)
Theta: [[ 0.32645837  0.23339466  0.04130124  0.33519253]
 [ 0.22261763  0.48299308  0.3213591   0.38210221]
 [ 0.06001282  0.33919154  0.17803283  0.36255279]
 [ 0.36912639  0.18567071  0.28945674  0.21488915]
 [ 0.04057565  0.26799045  0.14739614  0.41195012]
 [ 0.24722781  0.09669798  0.4500986   0.13539356]
 [ 0.17089623  0.44835357  0.34450197  0.02944839]
 [ 0.46586073  0.02771175  0.307897    0.02117162]
 [ 0.48327753  0.12820357  0.44765626  0.43623689]
 [ 0.40805723  0.03742809  0.32781414  0.11713793]
 [ 0.15649132  0.22923888  0.20388347  0.46436166]
 [ 0.14557229  0.38781844  0.47615805  0.2152502 ]
 [ 0.385456    0.0686757   0.16524164  0.05927283]
 [ 0.40881693  0.10625218  0.337571    0.14906863]
 [ 0.23140238  0.48580926  0.42421123  0.36941656]
 [ 0.22252176  0.21968507  0.0822187   0.20721076]
 [ 0.05125354  0.05854187  0.1767387   0.44620308]
 [ 0.22622133  0.16736995  0.02896235  0.29988858]
 [ 0.2705939   0.44968683  0.14959303  0.20849659]
 [ 0.03594899  0.16068809  0.37041979  0.0175102 ]
 [ 0.34877581  0.12528979  0.16777307  0.40084061]
 [ 0.39977605  0.0409389   0.21814991  0.27219401]
 [ 0.38092664  0.19585459  0.1612897   0.37461591]
 [ 0.22600568  0.24656789  0.3443863   0.29835718]
 [ 0.41296208  0.30091962  0.39336758  0.02616416]
 [ 0.4596591   0.11739805  0.19485297  0.0691198 ]
 [ 0.46958793  0.38208371  0.42771108  0.49715797]
 [ 0.27571717  0.15805201  0.46869595  0.29234752]
 [ 0.17383824  0.32054039  0.3264051   0.35155867]
 [ 0.32144518  0.23106763  0.10752255  0.16027463]
 [ 0.23238884  0.27509102  0.1817002   0.21964544]
 [ 0.31518297  0.40048046  0.45742576  0.0328685 ]
 [ 0.33724506  0.24534887  0.16913724  0.39484332]
 [ 0.423983    0.18666084  0.30932273  0.04227608]
 [ 0.44456046  0.04707985  0.26774405  0.26880855]]
1
4.79524622954
[[  1.64613504e-02   2.57257574e-02   1.61871303e-02   2.08819726e-02]
 [ -2.62236684e+00  -5.25614391e+01   7.48461814e-01   1.43667760e+01]
 [  6.17411525e+00  -2.65121224e+00   0.00000000e+00   7.11685372e-01]
 [  1.01556903e+00   2.14994187e+01  -1.42496282e+00  -2.69958319e+01]
 [  2.47253466e-02   1.08975743e+00   6.22620412e+00  -1.35756460e+00]
 [ -7.83836680e-02  -5.16886946e-02  -7.89420929e-02  -6.54773778e-02]
 [ -3.36950660e-02  -2.97650581e-02  -3.37751628e-02  -3.17892066e-02]
 [  0.00000000e+00   0.00000000e+00   0.00000000e+00   0.00000000e+00]
 [  0.00000000e+00   0.00000000e+00   0.00000000e+00   0.00000000e+00]
 [ -3.10606135e-02  -2.55531543e-02  -3.10745191e-02  -2.83332348e-02]
 [  1.04992878e-01   9.30049038e-02   1.05098734e-01   9.90906136e-02]
 [ -2.95687165e-02  -2.41120451e-02  -2.97149517e-02  -2.69489976e-02]
 [  0.00000000e+00   0.00000000e+00   0.00000000e+00   0.00000000e+00]
 [  3.80036370e-02   2.43738018e-02   3.83456394e-02   3.14527717e-02]
 [  1.63369735e-02   1.34125712e-02   1.63763976e-02   1.49084673e-02]
 [  6.04018556e-02   6.08575391e-02   5.98633439e-02   6.02821897e-02]
 [ -5.64114281e-02  -4.27641450e-02  -5.66322262e-02  -4.97799502e-02]
 [  0.00000000e+00  -1.01742218e-02   0.00000000e+00   0.00000000e+00]
 [  0.00000000e+00   0.00000000e+00   0.00000000e+00   0.00000000e+00]
 [ -1.93619765e-01  -1.34779477e-01  -1.94453580e-01  -1.64916198e-01]
 [  0.00000000e+00   0.00000000e+00   0.00000000e+00   0.00000000e+00]
 [  1.30494195e-02   0.00000000e+00   1.31813577e-02   1.11122027e-02]
 [ -7.07002947e-02  -9.27274362e-02  -7.06839368e-02  -8.15966555e-02]
 [  0.00000000e+00   1.33211846e-02   0.00000000e+00   0.00000000e+00]
 [  4.98907342e-02   5.04791056e-02   4.98844809e-02   5.01647413e-02]
 [  1.30734549e-02   1.38581575e-02   1.30601151e-02   1.34538720e-02]
 [ -5.89326497e-02  -4.64905746e-02  -5.91416585e-02  -5.28814299e-02]
 [  0.00000000e+00   0.00000000e+00   0.00000000e+00   0.00000000e+00]
 [ -5.25216287e-02  -3.96716737e-02  -5.27692242e-02  -4.62940018e-02]
 [  5.18609044e-02   4.42577033e-02   5.19479408e-02   4.81295725e-02]
 [ -9.79893723e-02  -5.64526375e-02  -9.87720741e-02  -7.78627699e-02]
 [ -6.70397901e-02  -6.12563818e-02  -6.71612598e-02  -6.42385339e-02]
 [  0.00000000e+00   0.00000000e+00   0.00000000e+00   0.00000000e+00]
 [ -5.42361298e-02  -3.39508864e-02  -5.46294721e-02  -4.44168587e-02]
 [  2.16735883e-02   1.42444450e-02   2.18288255e-02   1.80835117e-02]]
2
Finished successfully!, number of iterations:  2
0.00166585184353
[[  1.64613504e-02   2.57257574e-02   1.61871303e-02   2.08819726e-02]
 [ -2.62236684e+00  -5.25614391e+01   7.48461814e-01   1.43667760e+01]
 [  6.17411525e+00  -2.65121224e+00   0.00000000e+00   7.11685372e-01]
 [  1.01556903e+00   2.14994187e+01  -1.42496282e+00  -2.69958319e+01]
 [  2.47253466e-02   1.08975743e+00   6.22620412e+00  -1.35756460e+00]
 [ -7.83836680e-02  -5.16886946e-02  -7.89420929e-02  -6.54773778e-02]
 [ -3.36950660e-02  -2.97650581e-02  -3.37751628e-02  -3.17892066e-02]
 [  0.00000000e+00   0.00000000e+00   0.00000000e+00   0.00000000e+00]
 [  0.00000000e+00   0.00000000e+00   0.00000000e+00   0.00000000e+00]
 [ -3.10606135e-02  -2.55531543e-02  -3.10745191e-02  -2.83332348e-02]
 [  1.04992878e-01   9.30049038e-02   1.05098734e-01   9.90906136e-02]
 [ -2.95687165e-02  -2.41120451e-02  -2.97149517e-02  -2.69489976e-02]
 [  0.00000000e+00   0.00000000e+00   0.00000000e+00   0.00000000e+00]
 [  3.80036370e-02   2.43738018e-02   3.83456394e-02   3.14527717e-02]
 [  1.63369735e-02   1.34125712e-02   1.63763976e-02   1.49084673e-02]
 [  6.04018556e-02   6.08575391e-02   5.98633439e-02   6.02821897e-02]
 [ -5.64114281e-02  -4.27641450e-02  -5.66322262e-02  -4.97799502e-02]
 [  0.00000000e+00  -1.01742218e-02   0.00000000e+00   0.00000000e+00]
 [  0.00000000e+00   0.00000000e+00   0.00000000e+00   0.00000000e+00]
 [ -1.93619765e-01  -1.34779477e-01  -1.94453580e-01  -1.64916198e-01]
 [  0.00000000e+00   0.00000000e+00   0.00000000e+00   0.00000000e+00]
 [  1.30494195e-02   0.00000000e+00   1.31813577e-02   1.11122027e-02]
 [ -7.07002947e-02  -9.27274362e-02  -7.06839368e-02  -8.15966555e-02]
 [  0.00000000e+00   1.33211846e-02   0.00000000e+00   0.00000000e+00]
 [  4.98907342e-02   5.04791056e-02   4.98844809e-02   5.01647413e-02]
 [  1.30734549e-02   1.38581575e-02   1.30601151e-02   1.34538720e-02]
 [ -5.89326497e-02  -4.64905746e-02  -5.91416585e-02  -5.28814299e-02]
 [  0.00000000e+00   0.00000000e+00   0.00000000e+00   0.00000000e+00]
 [ -5.25216287e-02  -3.96716737e-02  -5.27692242e-02  -4.62940018e-02]
 [  5.18609044e-02   4.42577033e-02   5.19479408e-02   4.81295725e-02]
 [ -9.79893723e-02  -5.64526375e-02  -9.87720741e-02  -7.78627699e-02]
 [ -6.70397901e-02  -6.12563818e-02  -6.71612598e-02  -6.42385339e-02]
 [  0.00000000e+00   0.00000000e+00   0.00000000e+00   0.00000000e+00]
 [ -5.42361298e-02  -3.39508864e-02  -5.46294721e-02  -4.44168587e-02]
 [  2.16735883e-02   1.42444450e-02   2.18288255e-02   1.80835117e-02]]
Time taken for 4D intervals exp:  48.17197847366333 , number of intervals:  1
Avg AR burnin:  1.0 , Avg AR sampling:  1.0

 Estimated ordinary:  [[ -2.21323843e-03  -4.13635223e-01   9.88989477e-01   1.78332932e-01
    9.26685251e-03  -8.82126190e-03  -5.36273632e-03   0.00000000e+00
    0.00000000e+00  -4.94345017e-03   1.18158501e-02  -4.70600739e-03
    0.00000000e+00   6.04846669e-03   1.83855547e-03   3.92459447e-03
   -6.34851615e-03   0.00000000e+00   0.00000000e+00  -2.17898792e-02
    0.00000000e+00   1.46857566e-03  -7.95657861e-03   0.00000000e+00
    3.24163716e-03   1.47128060e-03  -9.37942252e-03   0.00000000e+00
   -8.35907683e-03   8.25391929e-03  -1.10276788e-02  -7.54462710e-03
    0.00000000e+00  -6.10370907e-03   1.40823562e-03]
 [ -2.06477030e-03  -8.35880119e+00  -4.18640035e-01   3.43088800e+00
    1.75457257e-01  -5.81702189e-03  -4.73725612e-03   0.00000000e+00
    0.00000000e+00  -4.06691081e-03   1.04667290e-02  -3.83755117e-03
    0.00000000e+00   3.87921104e-03   1.50944459e-03   3.95420238e-03
   -4.81265719e-03  -1.14500224e-03   0.00000000e+00  -1.51680203e-02
    0.00000000e+00   0.00000000e+00  -1.04355030e-02   1.49915998e-03
    3.27986643e-03   1.55959067e-03  -7.39920475e-03   0.00000000e+00
   -6.31394297e-03   7.04383224e-03  -6.35315383e-03  -6.89376500e-03
    0.00000000e+00  -3.82081712e-03   9.25529017e-04]
 [ -2.21038683e-03   1.22965618e-01   6.37336466e-03  -2.09965301e-01
    9.96322180e-01  -8.88410679e-03  -5.37548412e-03   0.00000000e+00
    0.00000000e+00  -4.94566332e-03   1.18277632e-02  -4.72928145e-03
    0.00000000e+00   6.10289805e-03   1.84299225e-03   3.88960481e-03
   -6.37336466e-03   0.00000000e+00   0.00000000e+00  -2.18837164e-02
    0.00000000e+00   1.48342393e-03  -7.95473770e-03   0.00000000e+00
    3.24123085e-03   1.46977933e-03  -9.41268729e-03   0.00000000e+00
   -8.39848288e-03   8.26777156e-03  -1.11157637e-02  -7.55829725e-03
    0.00000000e+00  -6.14797563e-03   1.41832212e-03]
 [ -2.13714096e-03   2.29120519e+00   1.18870458e-01  -4.28399072e+00
   -2.12339482e-01  -7.36879395e-03  -5.05940936e-03   0.00000000e+00
    0.00000000e+00  -4.50937438e-03   1.11516120e-02  -4.28906618e-03
    0.00000000e+00   5.00586409e-03   1.67779205e-03   3.91681921e-03
   -5.60221267e-03   0.00000000e+00   0.00000000e+00  -1.85595930e-02
    0.00000000e+00   1.25056217e-03  -9.18285004e-03   0.00000000e+00
    3.25944069e-03   1.51409256e-03  -8.41634097e-03   0.00000000e+00
   -7.36791922e-03   7.66005937e-03  -8.76264027e-03  -7.22937502e-03
    0.00000000e+00  -4.99865282e-03   1.17497135e-03]] 
 True ordinary:  [[ 0.          0.          1.          0.          0.          0.          0.
   0.          0.          0.          0.          0.          0.          0.
   0.          0.          0.          0.          0.          0.          0.
   0.          0.          0.          0.          0.          0.          0.
   0.          0.          0.          0.          0.          0.          0.        ]
 [ 0.         -8.5         0.          3.5         0.          0.          0.
   0.          0.          0.          0.          0.          0.          0.
   0.          0.          0.          0.          0.          0.          0.
   0.          0.          0.          0.          0.          0.          0.
   0.          0.          0.          0.          0.          0.          0.        ]
 [ 0.          0.          0.          0.          1.          0.          0.
   0.          0.          0.          0.          0.          0.          0.
   0.          0.          0.          0.          0.          0.          0.
   0.          0.          0.          0.          0.          0.          0.
   0.          0.          0.          0.          0.          0.          0.        ]
 [ 0.          2.33333333  0.         -4.33333333  0.          0.          0.
   0.          0.          0.          0.          0.          0.          0.
   0.          0.          0.          0.          0.          0.          0.
   0.          0.          0.          0.          0.          0.          0.
   0.          0.          0.          0.          0.          0.          0.        ]]

 Estimated hermite:  [[  1.64613504e-02  -2.62236684e+00   6.17411525e+00   1.01556903e+00
    2.47253466e-02  -7.83836680e-02  -3.36950660e-02   0.00000000e+00
    0.00000000e+00  -3.10606135e-02   1.04992878e-01  -2.95687165e-02
    0.00000000e+00   3.80036370e-02   1.63369735e-02   6.04018556e-02
   -5.64114281e-02   0.00000000e+00   0.00000000e+00  -1.93619765e-01
    0.00000000e+00   1.30494195e-02  -7.07002947e-02   0.00000000e+00
    4.98907342e-02   1.30734549e-02  -5.89326497e-02   0.00000000e+00
   -5.25216287e-02   5.18609044e-02  -9.79893723e-02  -6.70397901e-02
    0.00000000e+00  -5.42361298e-02   2.16735883e-02]
 [  2.57257574e-02  -5.25614391e+01  -2.65121224e+00   2.14994187e+01
    1.08975743e+00  -5.16886946e-02  -2.97650581e-02   0.00000000e+00
    0.00000000e+00  -2.55531543e-02   9.30049038e-02  -2.41120451e-02
    0.00000000e+00   2.43738018e-02   1.34125712e-02   6.08575391e-02
   -4.27641450e-02  -1.01742218e-02   0.00000000e+00  -1.34779477e-01
    0.00000000e+00   0.00000000e+00  -9.27274362e-02   1.33211846e-02
    5.04791056e-02   1.38581575e-02  -4.64905746e-02   0.00000000e+00
   -3.96716737e-02   4.42577033e-02  -5.64526375e-02  -6.12563818e-02
    0.00000000e+00  -3.39508864e-02   1.42444450e-02]
 [  1.61871303e-02   7.48461814e-01   0.00000000e+00  -1.42496282e+00
    6.22620412e+00  -7.89420929e-02  -3.37751628e-02   0.00000000e+00
    0.00000000e+00  -3.10745191e-02   1.05098734e-01  -2.97149517e-02
    0.00000000e+00   3.83456394e-02   1.63763976e-02   5.98633439e-02
   -5.66322262e-02   0.00000000e+00   0.00000000e+00  -1.94453580e-01
    0.00000000e+00   1.31813577e-02  -7.06839368e-02   0.00000000e+00
    4.98844809e-02   1.30601151e-02  -5.91416585e-02   0.00000000e+00
   -5.27692242e-02   5.19479408e-02  -9.87720741e-02  -6.71612598e-02
    0.00000000e+00  -5.46294721e-02   2.18288255e-02]
 [  2.08819726e-02   1.43667760e+01   7.11685372e-01  -2.69958319e+01
   -1.35756460e+00  -6.54773778e-02  -3.17892066e-02   0.00000000e+00
    0.00000000e+00  -2.83332348e-02   9.90906136e-02  -2.69489976e-02
    0.00000000e+00   3.14527717e-02   1.49084673e-02   6.02821897e-02
   -4.97799502e-02   0.00000000e+00   0.00000000e+00  -1.64916198e-01
    0.00000000e+00   1.11122027e-02  -8.15966555e-02   0.00000000e+00
    5.01647413e-02   1.34538720e-02  -5.28814299e-02   0.00000000e+00
   -4.62940018e-02   4.81295725e-02  -7.78627699e-02  -6.42385339e-02
    0.00000000e+00  -4.44168587e-02   1.80835117e-02]] 
 True hermite:  [[  0.           0.           6.28318531   0.           0.           0.
    0.           0.           0.           0.           0.           0.
    0.           0.           0.           0.           0.           0.
    0.           0.           0.           0.           0.           0.
    0.           0.           0.           0.           0.           0.
    0.           0.           0.           0.           0.        ]
 [  0.         -53.40707511   0.          21.99114858   0.           0.
    0.           0.           0.           0.           0.           0.
    0.           0.           0.           0.           0.           0.
    0.           0.           0.           0.           0.           0.
    0.           0.           0.           0.           0.           0.
    0.           0.           0.           0.           0.        ]
 [  0.           0.           0.           0.           6.28318531   0.
    0.           0.           0.           0.           0.           0.
    0.           0.           0.           0.           0.           0.
    0.           0.           0.           0.           0.           0.
    0.           0.           0.           0.           0.           0.
    0.           0.           0.           0.           0.        ]
 [  0.          14.66076572   0.         -27.22713633   0.           0.
    0.           0.           0.           0.           0.           0.
    0.           0.           0.           0.           0.           0.
    0.           0.           0.           0.           0.           0.
    0.           0.           0.           0.           0.           0.
    0.           0.           0.           0.           0.        ]]


