1
Acceptance rate during burn-in: 0.92
Acceptance rate post burn-in: 0.928
[[ 0.39894228  0.70396032  0.70631396  0.37112046]
 [ 0.70396032  1.39782107  1.63834972  1.12408772]
 [ 0.70631396  1.63834972  2.27510234  1.95423602]
 [ 0.37112046  1.12408772  1.95423602  2.12709869]]
[ 0.96411705  1.38101856  0.77274445 -0.49971697]
Acceptance rate during burn-in: 0.75
Acceptance rate post burn-in: 0.728
[[  0.79788456   1.79568334   2.58901271   2.62292781]
 [  1.79568334   4.45930146   7.08252398   7.92084056]
 [  2.58901271   7.08252398  12.32960186  15.16341288]
 [  2.62292781   7.92084056  15.16341288  20.64929261]]
[ 1.0097093   1.18336554 -0.26659564 -2.90974305]
Acceptance rate during burn-in: 0.78
Acceptance rate post burn-in: 0.752
[[  1.19682684   2.89935362   4.52661906   5.01329336]
 [  2.89935362   7.59843291  12.78358402  15.28172196]
 [  4.52661906  12.78358402  23.11384048  29.8424744 ]
 [  5.01329336  15.28172196  29.8424744   41.97061746]]
[ 1.05988614  1.00022327 -1.29082053 -5.35598397]
Acceptance rate during burn-in: 0.87
Acceptance rate post burn-in: 0.758
[[  1.59576912   3.93496361   6.20808716   6.87639911]
 [  3.93496361  10.37533017  17.47515153  20.77287228]
 [  6.20808716  17.47515153  31.42701844  40.20525138]
 [  6.87639911  20.77287228  40.20525138  55.94286321]]
[ 0.77235844 -0.01989724 -3.46956467 -8.53628697]
Acceptance rate during burn-in: 0.71
Acceptance rate post burn-in: 0.79
[[  1.9947114    4.98740974   7.95085891   8.85966715]
 [  4.98740974  13.23892391  22.39865613  26.666858  ]
 [  7.95085891  22.39865613  40.27691523  51.42560957]
 [  8.85966715  26.666858    51.42560957  71.20270562]]
[ 1.15593965  0.63128602 -3.18930035 -9.57495439]
Acceptance rate during burn-in: 0.77
Acceptance rate post burn-in: 0.758
[[  2.39365368   6.12084521   9.99530452  11.44988426]
 [  6.12084521  16.52914889  28.4879636   34.64812985]
 [  9.99530452  28.4879636   51.89652063  67.27426416]
 [ 11.44988426  34.64812985  67.27426416  93.94091044]]
[  1.00803892  -0.08282149  -5.11106579 -13.06450545]
Acceptance rate during burn-in: 0.71
Acceptance rate post burn-in: 0.74
[[   2.79259596    7.21574295   11.88679165   13.7069563 ]
 [   7.21574295   19.60305792   33.94574626   41.40469843]
 [  11.88679165   33.94574626   61.90801899   80.20832706]
 [  13.7069563    41.40469843   80.20832706  111.57312427]]
[  0.98961175  -0.44365676  -6.40228125 -15.71470838]
Acceptance rate during burn-in: 0.84
Acceptance rate post burn-in: 0.712
[[   3.19153824    8.28516294   13.6907518    15.81054329]
 [   8.28516294   22.55318511   39.10165406   47.71744871]
 [  13.6907518    39.10165406   71.31406226   92.39977098]
 [  15.81054329   47.71744871   92.39977098  128.54697507]]
[  0.91933669  -0.9398914   -7.88600744 -18.49761964]
Acceptance rate during burn-in: 0.65
Acceptance rate post burn-in: 0.722
[[   3.59048052    9.37009322   15.54842501   18.01190931]
 [   9.37009322   25.57927405   44.44885498   54.33578388]
 [  15.54842501   44.44885498   81.13234992  105.18940893]
 [  18.01190931   54.33578388  105.18940893  146.31842913]]
[  1.08191355  -0.83039609  -8.42968463 -20.38043328]
Acceptance rate during burn-in: 0.73
Acceptance rate post burn-in: 0.71
[[   3.9894228    10.49233836   17.56186635   20.57379332]
 [  10.49233836   28.82565238   50.47326254   62.35075354]
 [  17.56186635   50.47326254   92.77130321  121.49498554]
 [  20.57379332   62.35075354  121.49498554  170.65553815]]
[  0.99701524  -1.37216907 -10.05984481 -23.56283821]
30.3400914742
[ -7.59372038  12.67861795  -7.69459092   1.62316224]
2
Acceptance rate during burn-in: 0.63
Acceptance rate post burn-in: 0.602
[[ 0.39894228  0.77513621  0.88271656  0.57284319]
 [ 0.77513621  1.64729201  2.08840164  1.58731285]
 [ 0.88271656  2.08840164  2.96717042  2.61061904]
 [ 0.57284319  1.58731285  2.61061904  2.71348524]]
[ 0.96411705  1.37646423  0.68355414 -0.74698546]
Acceptance rate during burn-in: 0.75
Acceptance rate post burn-in: 0.758
[[  0.79788456   1.81667045   2.55702316   2.34816684]
 [  1.81667045   4.41406139   6.63630426   6.57333107]
 [  2.55702316   6.63630426  10.65662649  11.39433828]
 [  2.34816684   6.57333107  11.39433828  13.33770787]]
[ 1.0097093   1.1736151  -0.31745207 -2.90076426]
Acceptance rate during burn-in: 0.82
Acceptance rate post burn-in: 0.77
[[  1.19682684   2.87908468   4.310648     4.28510276]
 [  2.87908468   7.29300371  11.49365629  12.11224426]
 [  4.310648    11.49365629  19.07932431  21.38034764]
 [  4.28510276  12.11224426  21.38034764  25.82775441]]
[ 1.05988614  0.98918375 -1.29680704 -5.08851514]
Acceptance rate during burn-in: 0.76
Acceptance rate post burn-in: 0.734
[[  1.59576912   3.89245657   5.88670611   5.88050326]
 [  3.89245657   9.92082874  15.69009529  16.53342975]
 [  5.88670611  15.69009529  26.00753222  29.04385896]
 [  5.88050326  16.53342975  29.04385896  34.89735532]]
[ 0.77235844 -0.03224891 -3.45757328 -8.14302567]
Acceptance rate during burn-in: 0.73
Acceptance rate post burn-in: 0.76
[[  1.9947114    4.93166811   7.55900894   7.66832943]
 [  4.93166811  12.68476437  20.2563681   21.6054745 ]
 [  7.55900894  20.2563681   33.80093198  38.1045597 ]
 [  7.66832943  21.6054745   38.1045597   46.09074337]]
[ 1.15593965  0.61901893 -3.16110907 -9.08023192]
Acceptance rate during burn-in: 0.8
Acceptance rate post burn-in: 0.768
[[  2.39365368   6.0260025    9.43333324   9.85099341]
 [  6.0260025   15.73440149  25.58447555  27.9888563 ]
 [  9.43333324  25.58447555  43.3432358   49.94060195]
 [  9.85099341  27.9888563   49.94060195  61.48008681]]
[  1.00803892  -0.10124007  -5.06596422 -12.40134602]
Acceptance rate during burn-in: 0.77
Acceptance rate post burn-in: 0.782
[[  2.79259596   7.06964774  11.11566419  11.64246804]
 [  7.06964774  18.51251901  30.16333789  33.0290352 ]
 [ 11.11566419  30.16333789  51.10469895  58.83994008]
 [ 11.64246804  33.0290352   58.83994008  72.28293844]]
[  0.98961175  -0.46762736  -6.31919927 -14.80153677]
Acceptance rate during burn-in: 0.65
Acceptance rate post burn-in: 0.778
[[  3.19153824   8.09179261  12.72123378  13.28972127]
 [  8.09179261  21.18207958  34.4619953   37.6100864 ]
 [ 12.72123378  34.4619953   58.24956934  66.82167014]
 [ 13.28972127  37.6100864   66.82167014  81.81382518]]
[  0.91933669  -0.95844123  -7.72172461 -17.23008662]
Acceptance rate during burn-in: 0.82
Acceptance rate post burn-in: 0.754
[[  3.59048052   9.14146672  14.42738007  15.13165873]
 [  9.14146672  23.99387708  39.13678794  42.82601148]
 [ 14.42738007  39.13678794  66.24311673  76.10298117]
 [ 15.13165873  42.82601148  76.10298117  93.18950983]]
[  1.08191355  -0.85406826  -8.24291027 -18.93393269]
Acceptance rate during burn-in: 0.86
Acceptance rate post burn-in: 0.774
[[   3.9894228    10.21188725   16.21199683   17.13381443]
 [  10.21188725   26.91664859   44.11842657   48.59620513]
 [  16.21199683   44.11842657   74.9709887    86.61342536]
 [  17.13381443   48.59620513   86.61342536  106.53408249]]
[  0.99701524  -1.39584154  -9.80671569 -21.75877378]
35.0120117331
[-19.30306673  26.51309923 -15.43277592   3.35316133]
3
Acceptance rate during burn-in: 0.2
Acceptance rate post burn-in: 0.39
[[ 0.39894228  0.8129543   0.98336862  0.70023163]
 [ 0.8129543   1.78963552  2.36252776  1.89676429]
 [ 0.98336862  2.36252776  3.41734124  3.08128108]
 [ 0.70023163  1.89676429  3.08128108  3.18968526]]
[ 0.96411705  1.35772979  0.58067011 -0.98732509]
Acceptance rate during burn-in: 0.56
Acceptance rate post burn-in: 0.616
[[  0.79788456   1.84342441   2.60948736   2.36175676]
 [  1.84342441   4.48825698   6.69767852   6.44980566]
 [  2.60948736   6.69767852  10.54243717  10.82683123]
 [  2.36175676   6.44980566  10.82683123  12.0415322 ]]
[ 1.0097093   1.15572226 -0.40313313 -3.06207132]
Acceptance rate during burn-in: 0.57
Acceptance rate post burn-in: 0.614
[[  1.19682684   2.88306632   4.26934356   4.08880989]
 [  2.88306632   7.2345904   11.15929797  11.21618585]
 [  4.26934356  11.15929797  17.95267472  19.00819601]
 [  4.08880989  11.21618585  19.00819601  21.512781  ]]
[ 1.05988614  0.96717528 -1.37417848 -5.16015719]
Acceptance rate during burn-in: 0.62
Acceptance rate post burn-in: 0.578
[[  1.59576912   3.8897088    5.81276546   5.60112969]
 [  3.8897088    9.81626087  15.20232014  15.31131167]
 [  5.81276546  15.20232014  24.45846544  25.87518303]
 [  5.60112969  15.31131167  25.87518303  29.20608695]]
[ 0.77235844 -0.05682723 -3.53606556 -8.18453894]
Acceptance rate during burn-in: 0.61
Acceptance rate post burn-in: 0.65
[[  1.9947114    4.91363383   7.42461248   7.25900441]
 [  4.91363383  12.49469907  19.52189205  19.91687096]
 [  7.42461248  19.52189205  31.6377908   33.86798584]
 [  7.25900441  19.91687096  33.86798584  38.6443427 ]]
[ 1.15593965  0.59185561 -3.23058182 -9.05092431]
Acceptance rate during burn-in: 0.66
Acceptance rate post burn-in: 0.674
[[  2.39365368   5.97342654   9.16486386   9.15940862]
 [  5.97342654  15.35472845  24.31226193  25.30159433]
 [  9.16486386  24.31226193  39.86218897  43.44590506]
 [  9.15940862  25.30159433  43.44590506  50.35966393]]
[  1.00803892  -0.12980556  -5.09863533 -12.18231894]
Acceptance rate during burn-in: 0.63
Acceptance rate post burn-in: 0.662
[[  2.79259596   7.0139636   10.8295036   10.89947156]
 [  7.0139636   18.10782683  28.79768097  30.12053574]
 [ 10.8295036   28.79768097  47.34018307  51.75734572]
 [ 10.89947156  30.12053574  51.75734572  60.05518394]]
[  0.98961175  -0.50377587  -6.37649076 -14.61254098]
Acceptance rate during burn-in: 0.62
Acceptance rate post burn-in: 0.66
[[  3.19153824   8.03902703  12.43998347  12.54130133]
 [  8.03902703  20.78433158  33.09107215  34.63968247]
 [ 12.43998347  33.09107215  54.41270836  59.50407585]
 [ 12.54130133  34.63968247  59.50407585  69.03828615]]
[  0.91933669  -0.99676332  -7.79007816 -17.06346092]
Acceptance rate during burn-in: 0.59
Acceptance rate post burn-in: 0.604
[[  3.59048052   9.08100345  14.11039914  14.29423287]
 [  9.08100345  23.54559836  37.60081584  39.50717355]
 [ 14.11039914  37.60081584  61.95424763  67.93415253]
 [ 14.29423287  39.50717355  67.93415253  78.94639648]]
[  1.08191355  -0.90089811  -8.3369843  -18.79293303]
Acceptance rate during burn-in: 0.72
Acceptance rate post burn-in: 0.64
[[  3.9894228   10.14172686  15.85198995  16.19216571]
 [ 10.14172686  26.40752198  42.38822136  44.87049764]
 [ 15.85198995  42.38822136  70.15338425  77.43967745]
 [ 16.19216571  44.87049764  77.43967745  90.51082087]]
[  0.99701524  -1.44777243  -9.90928932 -21.59824468]
17.905969338
[-25.1578631   33.68535271 -19.45598339   4.20887335]
4
Acceptance rate during burn-in: 0.21
Acceptance rate post burn-in: 0.272
[[ 0.39894228  0.83312262  1.03150388  0.75098561]
 [ 0.83312262  1.85770906  2.47895855  2.00560141]
 [ 1.03150388  2.47895855  3.58467571  3.2241249 ]
 [ 0.75098561  2.00560141  3.2241249   3.30586793]]
[ 0.96411705  1.37111228  0.59126155 -1.01655184]
Acceptance rate during burn-in: 0.5
Acceptance rate post burn-in: 0.488
[[  0.79788456   1.85842061   2.63587352   2.36331111]
 [  1.85842061   4.52557264   6.72157855   6.37841557]
 [  2.63587352   6.72157855  10.47366036  10.55432432]
 [  2.36331111   6.37841557  10.55432432  11.47957292]]
[ 1.0097093   1.16337018 -0.40984535 -3.11034125]
Acceptance rate during burn-in: 0.62
Acceptance rate post burn-in: 0.512
[[  1.19682684   2.89754864   4.29128026   4.07513458]
 [  2.89754864   7.26561359  11.15609271  11.07585763]
 [  4.29128026  11.15609271  17.79632004  18.54824875]
 [  4.07513458  11.07585763  18.54824875  20.5952486 ]]
[ 1.05988614  0.97389619 -1.38285745 -5.20384587]
Acceptance rate during burn-in: 0.36
Acceptance rate post burn-in: 0.472
[[  1.59576912   3.91991996   5.88945628   5.68640669]
 [  3.91991996   9.92471806  15.39274926  15.47349296]
 [  5.88945628  15.39274926  24.71132474  25.98857139]
 [  5.68640669  15.47349296  25.98857139  29.02212387]]
[ 0.77235844 -0.05156569 -3.56961608 -8.32108585]
Acceptance rate during burn-in: 0.54
Acceptance rate post burn-in: 0.48
[[  1.9947114    4.94401046   7.49510116   7.3153078 ]
 [  4.94401046  12.59438511  19.66237143  19.93823585]
 [  7.49510116  19.66237143  31.71380036  33.58944471]
 [  7.3153078   19.93823585  33.58944471  37.7203798 ]]
[ 1.15593965  0.59519754 -3.27191425 -9.19558714]
Acceptance rate during burn-in: 0.6
Acceptance rate post burn-in: 0.546
[[  2.39365368   6.00436254   9.23023175   9.18656526]
 [  6.00436254  15.4471726   24.40304871  25.16883688]
 [  9.23023175  24.40304871  39.74581703  42.70525452]
 [  9.18656526  25.16883688  42.70525452  48.48811104]]
[  1.00803892  -0.12314673  -5.12930504 -12.30058954]
Acceptance rate during burn-in: 0.5
Acceptance rate post burn-in: 0.556
[[  2.79259596   7.04260753  10.8843936   10.90145237]
 [  7.04260753  18.18545301  28.84162045  29.89348462]
 [ 10.8843936   28.84162045  47.10091646  50.79746096]
 [ 10.90145237  29.89348462  50.79746096  57.82623911]]
[  0.98961175  -0.4962368   -6.40348788 -14.7201278 ]
Acceptance rate during burn-in: 0.46
Acceptance rate post burn-in: 0.486
[[  3.19153824   8.06346436  12.47128029  12.47707963]
 [  8.06346436  20.82859197  33.0143965   34.14027537]
 [ 12.47128029  33.0143965   53.82319228  57.85879608]
 [ 12.47707963  34.14027537  57.85879608  65.60578619]]
[  0.91933669  -0.99742536  -7.84395025 -17.20321304]
Acceptance rate during burn-in: 0.47
Acceptance rate post burn-in: 0.566
[[  3.59048052   9.09728487  14.11119059  14.16888746]
 [  9.09728487  23.54671764  37.40673662  38.80043118]
 [ 14.11119059  37.40673662  61.08922819  65.83910645]
 [ 14.16888746  38.80043118  65.83910645  74.81167541]]
[  1.08191355  -0.89461389  -8.35280355 -18.82539629]
Acceptance rate during burn-in: 0.53
Acceptance rate post burn-in: 0.468
[[  3.9894228   10.14316186  15.7906209   15.92596153]
 [ 10.14316186  26.32073304  41.9291716   43.64362804]
 [ 15.7906209   41.9291716   68.60738753  74.13094162]
 [ 15.92596153  43.64362804  74.13094162  84.35735353]]
[  0.99701524  -1.44933317  -9.93922295 -21.60901297]
9.95237348144
[-28.60277423  37.75845076 -21.55149264   4.54772839]
5
Acceptance rate during burn-in: 0.21
Acceptance rate post burn-in: 0.204
[[ 0.39894228  0.85197755  1.0952897   0.8586556 ]
 [ 0.85197755  1.94791583  2.69211334  2.31034704]
 [ 1.0952897   2.69211334  4.00301475  3.75371724]
 [ 0.8586556   2.31034704  3.75371724  3.9117135 ]]
[ 0.96411705  1.37065323  0.57431811 -1.08761921]
Acceptance rate during burn-in: 0.57
Acceptance rate post burn-in: 0.498
[[  0.79788456   1.88347777   2.72107672   2.50875349]
 [  1.88347777   4.64606817   7.0089283    6.7941948 ]
 [  2.72107672   7.0089283   11.04313161  11.28158135]
 [  2.50875349   6.7941948   11.28158135  12.3109918 ]]
[ 1.0097093   1.17233551 -0.39803923 -3.13937411]
Acceptance rate during burn-in: 0.51
Acceptance rate post burn-in: 0.438
[[  1.19682684   2.9236558    4.37747091   4.21514418]
 [  2.9236558    7.38750557  11.43551756  11.45292079]
 [  4.37747091  11.43551756  18.31907221  19.14796831]
 [  4.21514418  11.45292079  19.14796831  21.1586765 ]]
[ 1.05988614  0.9760771  -1.3956651  -5.27623812]
Acceptance rate during burn-in: 0.56
Acceptance rate post burn-in: 0.458
[[  1.59576912   3.93639705   5.93967837   5.75474708]
 [  3.93639705   9.99574283  15.53442042  15.61066625]
 [  5.93967837  15.53442042  24.91483941  26.08143092]
 [  5.75474708  15.61066625  26.08143092  28.83225922]]
[ 0.77235844 -0.05018078 -3.57107907 -8.33436529]
Acceptance rate during burn-in: 0.38
Acceptance rate post burn-in: 0.386
[[  1.9947114    4.95967951   7.53890675   7.36330523]
 [  4.95967951  12.65633557  19.76766481  19.9908672 ]
 [  7.53890675  19.76766481  31.80923556  33.47614552]
 [  7.36330523  19.9908672   33.47614552  37.19618291]]
[ 1.15593965  0.58891993 -3.2986987  -9.24615016]
Acceptance rate during burn-in: 0.49
Acceptance rate post burn-in: 0.498
[[  2.39365368   6.01220437   9.24316336   9.16895951]
 [  6.01220437  15.46546066  24.38364468  24.99043428]
 [  9.24316336  24.38364468  39.53646339  42.07730924]
 [  9.16895951  24.99043428  42.07730924  47.15094314]]
[  1.00803892  -0.12588258  -5.13668376 -12.29415687]
Acceptance rate during burn-in: 0.44
Acceptance rate post burn-in: 0.458
[[  2.79259596   7.04276062  10.864479    10.80814441]
 [  7.04276062  18.15728952  28.68022285  29.43398511]
 [ 10.864479    28.68022285  46.52406504  49.51547484]
 [ 10.80814441  29.43398511  49.51547484  55.41744938]]
[  0.98961175  -0.4950284   -6.38705136 -14.63631257]
Acceptance rate during burn-in: 0.59
Acceptance rate post burn-in: 0.442
[[  3.19153824   8.07046549  12.47536507  12.42752787]
 [  8.07046549  20.83436873  32.93847143  33.81534857]
 [ 12.47536507  32.93847143  53.42812822  56.8326021 ]
 [ 12.42752787  33.81534857  56.8326021   63.52247343]]
[  0.91933669  -0.99579776  -7.82903197 -17.12811   ]
Acceptance rate during burn-in: 0.41
Acceptance rate post burn-in: 0.444
[[  3.59048052   9.10512981  14.1117343   14.09569637]
 [  9.10512981  23.54748656  37.29106035  38.35171926]
 [ 14.1117343   37.29106035  60.54005502  64.45432893]
 [ 14.09569637  38.35171926  64.45432893  72.03292692]]
[  1.08191355  -0.89304486  -8.33982692 -18.74991031]
Acceptance rate during burn-in: 0.54
Acceptance rate post burn-in: 0.446
[[  3.9894228   10.14530805  15.76706438  15.79713122]
 [ 10.14530805  26.28741909  41.70906612  42.98539396]
 [ 15.76706438  41.70906612  67.78456175  72.24787856]
 [ 15.79713122  42.98539396  72.24787856  80.73599002]]
[  0.99701524  -1.4475758   -9.91903626 -21.49916853]
10.7406183306
[-32.32125772  42.12917735 -23.81339849   4.93723081]
6
Acceptance rate during burn-in: 0.22
Acceptance rate post burn-in: 0.078
[[ 0.39894228  0.91331857  1.26631971  1.09137658]
 [ 0.91331857  2.18978879  3.1819472   2.90113145]
 [ 1.26631971  3.1819472   4.84751141  4.68114727]
 [ 1.09137658  2.90113145  4.68114727  4.85489637]]
[ 0.96411705  1.33819303  0.41596436 -1.44720617]
Acceptance rate during burn-in: 0.45
Acceptance rate post burn-in: 0.392
[[  0.79788456   1.94777518   2.89893864   2.74466598]
 [  1.94777518   4.8976029    7.50847102   7.36765093]
 [  2.89893864   7.50847102  11.87123642  12.11167913]
 [  2.74466598   7.36765093  12.11167913  13.00818734]]
[ 1.0097093   1.13479101 -0.5809136  -3.55590589]
Acceptance rate during burn-in: 0.45
Acceptance rate post burn-in: 0.4
[[  1.19682684   2.98197619   4.53149816   4.39987667]
 [  2.98197619   7.605333    11.83796111  11.84524902]
 [  4.53149816  11.83796111  18.9084879   19.57395316]
 [  4.39987667  11.84524902  19.57395316  21.21903436]]
[ 1.05988614  0.94385256 -1.55243386 -5.62320959]
Acceptance rate during burn-in: 0.35
Acceptance rate post burn-in: 0.356
[[  1.59576912   4.00178338   6.11480704   5.96886775]
 [  4.00178338  10.24341216  15.99775854  16.06928919]
 [  6.11480704  15.99775854  25.60037016  26.58167418]
 [  5.96886775  16.06928919  26.58167418  28.90014115]]
[ 0.77235844 -0.07807863 -3.72138349 -8.68664875]
Acceptance rate during burn-in: 0.31
Acceptance rate post burn-in: 0.364
[[  1.9947114    5.02902881   7.72777432   7.60122928]
 [  5.02902881  12.92343466  20.27783606  20.51488875]
 [  7.72777432  20.27783606  32.58457781  34.0726907 ]
 [  7.60122928  20.51488875  34.0726907   37.31203703]]
[ 1.15593965  0.56804255 -3.43167576 -9.5843802 ]
Acceptance rate during burn-in: 0.41
Acceptance rate post burn-in: 0.364
[[  2.39365368   6.0722129    9.39334021   9.32039757]
 [  6.0722129   15.67784281  24.73080798  25.19961185]
 [  9.39334021  24.73080798  39.89884362  41.95314078]
 [  9.32039757  25.19961185  41.95314078  46.10239048]]
[  1.00803892  -0.16035358  -5.3046405  -12.65532697]
Acceptance rate during burn-in: 0.44
Acceptance rate post burn-in: 0.386
[[  2.79259596   7.1056508   11.0242319   10.97544694]
 [  7.1056508   18.38321422  29.05893947  29.6860718 ]
 [ 11.0242319   29.05893947  46.94576929  49.45587292]
 [ 10.97544694  29.6860718   49.45587292  54.41178869]]
[  0.98961175  -0.53713416  -6.58597772 -15.06343688]
Acceptance rate during burn-in: 0.42
Acceptance rate post burn-in: 0.42
[[  3.19153824   8.13219409  12.62969906  12.58096128]
 [  8.13219409  21.05262994  33.29152332  34.01125733]
 [ 12.62969906  33.29152332  53.77719707  56.63095018]
 [ 12.58096128  34.01125733  56.63095018  62.2631979 ]]
[  0.91933669  -1.03283787  -8.01174514 -17.52946302]
Acceptance rate during burn-in: 0.28
Acceptance rate post burn-in: 0.446
[[  3.59048052   9.16320869  14.25145902  14.21776211]
 [  9.16320869  23.74508715  37.58462035  38.437146  ]
 [ 14.25145902  37.58462035  60.74348127  64.00812613]
 [ 14.21776211  38.437146    64.00812613  70.3928157 ]]
[  1.08191355  -0.92952693  -8.5155647  -19.12286739]
Acceptance rate during burn-in: 0.44
Acceptance rate post burn-in: 0.36
[[  3.9894228   10.20271993  15.90353374  15.9107513 ]
 [ 10.20271993  26.48041591  41.98705454  43.03697248]
 [ 15.90353374  41.98705454  67.94423069  71.71747419]
 [ 15.9107513   43.03697248  71.71747419  78.94856976]]
[  0.99701524  -1.47811725 -10.07249291 -21.82587764]
24.1294380315
[-21.04587915  33.57357508 -20.32534398   4.12682811]
7
Acceptance rate during burn-in: 0.16
Acceptance rate post burn-in: 0.048
[[ 0.39894228  0.92419195  1.2986113   1.13935782]
 [ 0.92419195  2.235456    3.28043041  3.02998591]
 [ 1.2986113   3.28043041  5.02815885  4.89526418]
 [ 1.13935782  3.02998591  4.89526418  5.08871175]]
[ 0.96411705  1.36279415  0.48526239 -1.34647456]
Acceptance rate during burn-in: 0.38
Acceptance rate post burn-in: 0.304
[[  0.79788456   1.95658032   2.92177183   2.76957627]
 [  1.95658032   4.92989391   7.56406924   7.40836778]
 [  2.92177183   7.56406924  11.93724969  12.11724194]
 [  2.76957627   7.40836778  12.11724194  12.8981775 ]]
[ 1.0097093   1.15914219 -0.50776648 -3.43363531]
Acceptance rate during burn-in: 0.29
Acceptance rate post burn-in: 0.358
[[  1.19682684   2.99193289   4.55799284   4.43076147]
 [  2.99193289   7.64280213  11.90553606  11.90356703]
 [  4.55799284  11.90553606  18.99864716  19.61368144]
 [  4.43076147  11.90356703  19.61368144  21.15883739]]
[ 1.05988614  0.96480807 -1.49439157 -5.53647315]
Acceptance rate during burn-in: 0.13
Acceptance rate post burn-in: 0.29
[[  1.59576912   4.01184692   6.13843539   5.986137  ]
 [  4.01184692  10.27682771  16.04190176  16.06156389]
 [  6.13843539  16.04190176  25.60761642  26.43898465]
 [  5.986137    16.06156389  26.43898465  28.5003022 ]]
[ 0.77235844 -0.06848518 -3.70438596 -8.67334115]
Acceptance rate during burn-in: 0.29
Acceptance rate post burn-in: 0.324
[[  1.9947114    5.03480459   7.73329459   7.57745938]
 [  5.03480459  12.9312415   20.24483358  20.3574825 ]
 [  7.73329459  20.24483358  32.39569874  33.58921958]
 [  7.57745938  20.3574825   33.58921958  36.36978467]]
[ 1.15593965  0.58048199 -3.40095331 -9.53276795]
Acceptance rate during burn-in: 0.41
Acceptance rate post burn-in: 0.29
[[  2.39365368   6.08126948   9.40876197   9.31023079]
 [  6.08126948  15.69965247  24.72600654  25.07026349]
 [  9.40876197  24.72600654  39.7513297   41.49003454]
 [  9.31023079  25.07026349  41.49003454  45.12450118]]
[  1.00803892  -0.13307874  -5.22355259 -12.51454868]
Acceptance rate during burn-in: 0.41
Acceptance rate post burn-in: 0.362
[[  2.79259596   7.10543405  11.00482793  10.89602879]
 [  7.10543405  18.35577288  28.92107666  29.32801116]
 [ 11.00482793  28.92107666  46.49351568  48.52162746]
 [ 10.89602879  29.32801116  48.52162746  52.76521085]]
[  0.98961175  -0.50720486  -6.48378154 -14.8538263 ]
Acceptance rate during burn-in: 0.38
Acceptance rate post burn-in: 0.354
[[  3.19153824   8.13101784  12.60488674  12.48644287]
 [  8.13101784  21.01754003  33.12614916  33.591913  ]
 [ 12.60488674  33.12614916  53.2460623   55.545826  ]
 [ 12.48644287  33.591913    55.545826    60.36087205]]
[  0.91933669  -1.00405955  -7.91220312 -17.31730856]
Acceptance rate during burn-in: 0.32
Acceptance rate post burn-in: 0.362
[[  3.59048052   9.16019901  14.2190556   14.10646686]
 [  9.16019901  23.6992618   37.38759499  37.95800058]
 [ 14.2190556   37.38759499  60.1337377   62.7901546 ]
 [ 14.10646686  37.95800058  62.7901546   68.28482238]]
[  1.08191355  -0.90929987  -8.44563226 -18.96253336]
Acceptance rate during burn-in: 0.3
Acceptance rate post burn-in: 0.356
[[  3.9894228   10.20013464  15.8730976   15.80456514]
 [ 10.20013464  26.43737271  41.79947856  42.57897844]
 [ 15.8730976   41.79947856  67.36178323  70.55392088]
 [ 15.80456514  42.57897844  70.55392088  76.93845546]]
[  0.99701524  -1.46172025 -10.01568805 -21.6886439 ]
28.1603352745
[-30.3470013   44.53772862 -26.62635597   5.72087571]
8
Acceptance rate during burn-in: 0.15
Acceptance rate post burn-in: 0.0
[[ 0.39894228  0.99596428  1.52780635  1.5147689 ]
 [ 0.99596428  2.55958674  4.0321629   4.109527  ]
 [ 1.52780635  4.0321629   6.51238662  6.82165638]
 [ 1.5147689   4.109527    6.82165638  7.38170489]]
[ 0.96411705  1.3424719   0.34361149 -1.74009051]
Acceptance rate during burn-in: 0.36
Acceptance rate post burn-in: 0.33
[[  0.79788456   2.02210836   3.12996517   3.10933217]
 [  2.02210836   5.22432376   8.24521437   8.38711389]
 [  3.12996517   8.24521437  13.28317889  13.87443012]
 [  3.10933217   8.38711389  13.87443012  15.01974615]]
[ 1.0097093   1.12862373 -0.6813606  -3.87656964]
Acceptance rate during burn-in: 0.29
Acceptance rate post burn-in: 0.312
[[  1.19682684   3.05733061   4.76430195   4.76303359]
 [  3.05733061   7.93456728  12.57353458  12.84626401]
 [  4.76430195  12.57353458  20.29909302  21.26966282]
 [  4.76303359  12.84626401  21.26966282  23.08691784]]
[ 1.05988614  0.93311405 -1.67204968 -5.98400345]
Acceptance rate during burn-in: 0.37
Acceptance rate post burn-in: 0.238
[[  1.59576912   4.07085954   6.32218904   6.27695686]
 [  4.07085954  10.5366946   16.62907297  16.87587301]
 [  6.32218904  16.62907297  26.73487078  27.84727502]
 [  6.27695686  16.87587301  27.84727502  30.10107074]]
[ 0.77235844 -0.10201705 -3.88002725 -9.09538157]
Acceptance rate during burn-in: 0.3
Acceptance rate post burn-in: 0.278
[[  1.9947114    5.09720921   7.92789507   7.88532608]
 [  5.09720921  13.20644813  20.8663278   21.21647556]
 [  7.92789507  20.8663278   33.58534939  35.06519682]
 [  7.88532608  21.21647556  35.06519682  38.02688385]]
[  1.15593965   0.53588675  -3.61566705 -10.02505334]
Acceptance rate during burn-in: 0.27
Acceptance rate post burn-in: 0.296
[[  2.39365368   6.13707786   9.57894593   9.57032863]
 [  6.13707786  15.94032893  25.25543417  25.77317024]
 [  9.57894593  25.25543417  40.73254937  42.64721613]
 [  9.57032863  25.77317024  42.64721613  46.33188729]]
[  1.00803892  -0.1868692   -5.46529986 -13.04144464]
Acceptance rate during burn-in: 0.34
Acceptance rate post burn-in: 0.326
[[  2.79259596   7.16484681  11.18577391  11.17063485]
 [  7.16484681  18.61166913  29.48073065  30.05990657]
 [ 11.18577391  29.48073065  47.51784896  49.69629798]
 [ 11.17063485  30.05990657  49.69629798  53.92343128]]
[  0.98961175  -0.56908799  -6.7578074  -15.44463851]
Acceptance rate during burn-in: 0.23
Acceptance rate post burn-in: 0.25
[[  3.19153824   8.19764868  12.80923252  12.79845886]
 [  8.19764868  21.30652859  33.76080695  34.42276561]
 [ 12.80923252  33.76080695  54.40813905  56.87045571]
 [ 12.79845886  34.42276561  56.87045571  61.63947304]]
[  0.91933669  -1.07256762  -8.22315825 -18.0087992 ]
Acceptance rate during burn-in: 0.31
Acceptance rate post burn-in: 0.312
[[  3.59048052   9.23553841  14.45389     14.47353824]
 [  9.23553841  24.03136779  38.12992728  38.95506105]
 [ 14.45389     38.12992728  61.52093539  64.42159974]
 [ 14.47353824  38.95506105  64.42159974  69.93501587]]
[  1.08191355  -0.97937599  -8.77264777 -19.70934323]
Acceptance rate during burn-in: 0.41
Acceptance rate post burn-in: 0.338
[[  3.9894228   10.27570808  16.10711847  16.16573774]
 [ 10.27570808  26.7683282   42.53192483  43.54441131]
 [ 16.10711847  42.53192483  68.70966993  72.09218315]
 [ 16.16573774  43.54441131  72.09218315  78.40514992]]
[  0.99701524  -1.51640193 -10.28510111 -22.3197854 ]
45.4603625618
[ -8.73871984  28.18862932 -20.30884053   4.53540934]
9
Acceptance rate during burn-in: 0.05
Acceptance rate post burn-in: 0.002
[[ 0.39894228  0.94613791  1.34477804  1.16676879]
 [ 0.94613791  2.30074563  3.35894388  3.02132314]
 [ 1.34477804  3.35894388  5.05019397  4.73081636]
 [ 1.16676879  3.02132314  4.73081636  4.69041096]]
[ 0.96411705  1.41930491  0.66567336 -1.0291583 ]
Acceptance rate during burn-in: 0.19
Acceptance rate post burn-in: 0.3
[[  0.79788456   1.98032967   2.97423003   2.8085652 ]
 [  1.98032967   5.00408101   7.6651867    7.43637987]
 [  2.97423003   7.6651867   12.00865089  12.02626905]
 [  2.8085652    7.43637987  12.02626905  12.60250763]]
[ 1.0097093   1.21464417 -0.33317093 -3.13319347]
Acceptance rate during burn-in: 0.2
Acceptance rate post burn-in: 0.196
[[  1.19682684   3.02557678   4.64280696   4.52225841]
 [  3.02557678   7.76274741  12.11159304  12.07300349]
 [  4.64280696  12.11159304  19.26613623  19.74370067]
 [  4.52225841  12.07300349  19.74370067  21.05545516]]
[ 1.05988614  0.99549586 -1.42534954 -5.47095736]
Acceptance rate during burn-in: 0.26
Acceptance rate post burn-in: 0.204
[[  1.59576912   4.04046781   6.20275618   6.03318148]
 [  4.04046781  10.36779103  16.16386124  16.07525317]
 [  6.20275618  16.16386124  25.66986395  26.22964651]
 [  6.03318148  16.07525317  26.22964651  27.88417801]]
[ 0.77235844 -0.03287547 -3.60810145 -8.52867949]
Acceptance rate during burn-in: 0.24
Acceptance rate post burn-in: 0.2
[[  1.9947114    5.07294113   7.8303766    7.68287607]
 [  5.07294113  13.06853618  20.48135385  20.54810168]
 [  7.8303766   20.48135385  32.69780594  33.7142492 ]
 [  7.68287607  20.54810168  33.7142492   36.18545916]]
[ 1.15593965  0.60633031 -3.35301292 -9.51182833]
Acceptance rate during burn-in: 0.31
Acceptance rate post burn-in: 0.22
[[  2.39365368   6.11701053   9.49436832   9.3866914 ]
 [  6.11701053  15.82071812  24.90898567  25.14849179]
 [  9.49436832  24.90898567  39.90767224  41.34629057]
 [  9.3866914   25.14849179  41.34629057  44.49364535]]
[  1.00803892  -0.1131989   -5.19890198 -12.53771579]
Acceptance rate during burn-in: 0.35
Acceptance rate post burn-in: 0.242
[[  2.79259596   7.14843824  11.11244481  11.00318044]
 [  7.14843824  18.50796612  29.16748586  29.47176751]
 [ 11.11244481  29.16748586  46.74567715  48.43320183]
 [ 11.00318044  29.47176751  48.43320183  52.0739483 ]]
[  0.98961175  -0.48527     -6.45482045 -14.86958983]
Acceptance rate during burn-in: 0.3
Acceptance rate post burn-in: 0.212
[[  3.19153824   8.17626852  12.7186123   12.60030929]
 [  8.17626852  21.17837225  33.38736572  33.74442078]
 [ 12.7186123   33.38736572  53.51326154  55.44816037]
 [ 12.60030929  33.74442078  55.44816037  59.61366242]]
[  0.91933669  -0.98932339  -7.91103892 -17.38823868]
Acceptance rate during burn-in: 0.31
Acceptance rate post burn-in: 0.284
[[  3.59048052   9.20793375  14.33959623  14.22790932]
 [  9.20793375  23.86973199  37.66544663  38.12023942]
 [ 14.33959623  37.66544663  60.41767399  62.68036851]
 [ 14.22790932  38.12023942  62.68036851  67.46755007]]
[  1.08191355  -0.88920575  -8.42809152 -19.00713203]
Acceptance rate during burn-in: 0.25
Acceptance rate post burn-in: 0.228
[[  3.9894228   10.24728879  15.9874312   15.90364965]
 [ 10.24728879  26.59906484  42.03778401  42.6398223 ]
 [ 15.9874312   42.03778401  67.5171475   70.17365712]
 [ 15.90364965  42.6398223   70.17365712  75.62900788]]
[  0.99701524  -1.44021117  -9.98850641 -21.69840492]
66.2411394071
[ 20.80517121   3.55617184 -10.08698229   2.69247671]
10
Acceptance rate during burn-in: 0.09
Acceptance rate post burn-in: 0.012
[[ 0.39894228  0.98661943  1.51600076  1.54469841]
 [ 0.98661943  2.54289111  4.07078671  4.3411694 ]
 [ 1.51600076  4.07078671  6.78774165  7.58208347]
 [ 1.54469841  4.3411694   7.58208347  8.94407507]]
[ 0.96411705  1.35000174  0.3899761  -1.6548018 ]
Acceptance rate during burn-in: 0.3
Acceptance rate post burn-in: 0.246
[[  0.79788456   2.02057249   3.14343428   3.17963428]
 [  2.02057249   5.24337195   8.36480913   8.72556453]
 [  3.14343428   8.36480913  13.70721866  14.79639733]
 [  3.17963428   8.72556453  14.79639733  16.70965086]]
[ 1.0097093   1.14746485 -0.59968795 -3.73460915]
Acceptance rate during burn-in: 0.31
Acceptance rate post burn-in: 0.262
[[  1.19682684   3.05907815   4.78821791   4.84922081]
 [  3.05907815   7.96838955  12.72528662  13.22288025]
 [  4.78821791  12.72528662  20.77726296  22.23682329]
 [  4.84922081  13.22288025  22.23682329  24.77964678]]
[ 1.05988614  0.95393584 -1.5833551  -5.8270695 ]
Acceptance rate during burn-in: 0.24
Acceptance rate post burn-in: 0.214
[[  1.59576912   4.07459563   6.35230435   6.37283919]
 [  4.07459563  10.57928409  16.80042967  17.2794247 ]
 [  6.35230435  16.80042967  27.25041339  28.86222929]
 [  6.37283919  17.2794247   28.86222929  31.85451696]]
[ 0.77235844 -0.08523846 -3.80864248 -8.97798821]
Acceptance rate during burn-in: 0.22
Acceptance rate post burn-in: 0.144
[[  1.9947114    5.10590376   7.97176012   7.99672274]
 [  5.10590376  13.26848268  21.07156843  21.64013931]
 [  7.97176012  21.07156843  34.13524668  36.05508078]
 [  7.99672274  21.64013931  36.05508078  39.63430979]]
[  1.15593965   0.53082583  -3.63384853 -10.09665121]
Acceptance rate during burn-in: 0.26
Acceptance rate post burn-in: 0.226
[[  2.39365368   6.1485867    9.63116285   9.69312323]
 [  6.1485867   16.0141748   25.48439661  26.22146122]
 [  9.63116285  25.48439661  41.31851439  43.66114078]
 [  9.69312323  26.22146122  43.66114078  47.93092641]]
[  1.00803892  -0.18260235  -5.45041994 -13.04869791]
Acceptance rate during burn-in: 0.24
Acceptance rate post burn-in: 0.188
[[  2.79259596   7.18456406  11.2641317   11.33369875]
 [  7.18456406  18.72248378  29.79105001  30.60894729]
 [ 11.2641317   29.79105001  48.24569108  50.8463098 ]
 [ 11.33369875  30.60894729  50.8463098   55.59218749]]
[  0.98961175  -0.56196647  -6.73999125 -15.46067952]
Acceptance rate during burn-in: 0.28
Acceptance rate post burn-in: 0.274
[[  3.19153824   8.21569558  12.88143124  12.94955219]
 [  8.21569558  21.408633    34.04803045  34.93293392]
 [ 12.88143124  34.04803045  55.08401728  57.94152418]
 [ 12.94955219  34.93293392  57.94152418  63.19741415]]
[  0.91933669  -1.06517549  -8.19729878 -17.99107774]
Acceptance rate during burn-in: 0.25
Acceptance rate post burn-in: 0.232
[[  3.59048052   9.24185622  14.48153503  14.53505851]
 [  9.24185622  24.07046376  38.24541824  39.16783957]
 [ 14.48153503  38.24541824  61.80108278  64.87841922]
 [ 14.53505851  39.16783957  64.87841922  70.62146511]]
[  1.08191355  -0.97422158  -8.73937544 -19.63620246]
Acceptance rate during burn-in: 0.26
Acceptance rate post burn-in: 0.242
[[  3.9894228   10.27611856  16.11018749  16.17237612]
 [ 10.27611856  26.77266845  42.54400337  43.55926051]
 [ 16.11018749  42.54400337  68.73002653  72.10423642]
 [ 16.17237612  43.55926051  72.10423642  78.39652419]]
[  0.99701524  -1.51826657 -10.26824116 -22.25119655]
130.470283168
[-33.02364198  52.53277554 -32.87135425   7.57297102]
11
Acceptance rate during burn-in: 0.03
Acceptance rate post burn-in: 0.018
[[ 0.39894228  0.94202108  1.34610493  1.19992496]
 [ 0.94202108  2.30262213  3.41054999  3.1800555 ]
 [ 1.34610493  3.41054999  5.24553887  5.13248581]
 [ 1.19992496  3.1800555   5.13248581  5.34619438]]
[ 0.96411705  1.3325135   0.38863743 -1.50164041]
Acceptance rate during burn-in: 0.3
Acceptance rate post burn-in: 0.224
[[  0.79788456   1.98159362   2.99428553   2.87537235]
 [  1.98159362   5.03244377   7.78268756   7.69699373]
 [  2.99428553   7.78268756  12.34201776  12.61899131]
 [  2.87537235   7.69699373  12.61899131  13.50085121]]
[ 1.0097093   1.1132578  -0.67089324 -3.73899112]
Acceptance rate during burn-in: 0.25
Acceptance rate post burn-in: 0.214
[[  1.19682684   3.0192219    4.63481816   4.5346151 ]
 [  3.0192219    7.75144954  12.12400832  12.15704683]
 [  4.63481816  12.12400832  19.36341895  19.97957648]
 [  4.5346151   12.15704683  19.97957648  21.45927051]]
[ 1.05988614  0.91116328 -1.68520305 -5.88692381]
Acceptance rate during burn-in: 0.21
Acceptance rate post burn-in: 0.12
[[  1.59576912   4.04208368   6.21956365   6.08214684]
 [  4.04208368  10.39156038  16.2509569   16.24621689]
 [  6.21956365  16.2509569   25.89113556  26.57218524]
 [  6.08214684  16.24621689  26.57218524  28.32149   ]]
[ 0.77235844 -0.11818872 -3.88428864 -9.00175333]
Acceptance rate during burn-in: 0.12
Acceptance rate post burn-in: 0.222
[[  1.9947114    5.06809948   7.82265359   7.68200951]
 [  5.06809948  13.0576142   20.47300579  20.55003726]
 [  7.82265359  20.47300579  32.69471555  33.69577897]
 [  7.68200951  20.55003726  33.69577897  36.08260668]]
[ 1.15593965  0.53217797 -3.57345395 -9.83719749]
Acceptance rate during burn-in: 0.25
Acceptance rate post burn-in: 0.236
[[  2.39365368   6.11505901   9.49946345   9.41653449]
 [  6.11505901  15.82792372  24.95791556  25.26764688]
 [  9.49946345  24.95791556  40.05720963  41.60719783]
 [  9.41653449  25.26764688  41.60719783  44.85869101]]
[  1.00803892  -0.18128316  -5.39633454 -12.82026222]
Acceptance rate during burn-in: 0.35
Acceptance rate post burn-in: 0.24
[[  2.79259596   7.14765035  11.12095101  11.03772868]
 [  7.14765035  18.51999571  29.22621094  29.60206991]
 [ 11.12095101  29.22621094  46.91127914  48.7096711 ]
 [ 11.03772868  29.60206991  48.7096711   52.45251795]]
[  0.98961175  -0.56012349  -6.68395416 -15.22857137]
Acceptance rate during burn-in: 0.21
Acceptance rate post burn-in: 0.264
[[  3.19153824   8.17791966  12.73740954  12.65820132]
 [  8.17791966  21.20495556  33.48997271  33.96008676]
 [ 12.73740954  33.48997271  53.79068899  55.91978424]
 [ 12.65820132  33.96008676  55.91978424  60.30500557]]
[  0.91933669  -1.07138159  -8.1726315  -17.82702296]
Acceptance rate during burn-in: 0.18
Acceptance rate post burn-in: 0.226
[[  3.59048052   9.21146473  14.36340439  14.29058341]
 [  9.21146473  23.90340181  37.77899488  38.33724059]
 [ 14.36340439  37.77899488  60.70027997  63.12254245]
 [ 14.29058341  38.33724059  63.12254245  68.06138496]]
[  1.08191355  -0.97276169  -8.69880095 -19.46961384]
Acceptance rate during burn-in: 0.36
Acceptance rate post burn-in: 0.25
[[  3.9894228   10.24413562  15.98671645  15.91882033]
 [ 10.24413562  26.59805403  42.05960113  42.70264098]
 [ 15.98671645  42.05960113  67.59357895  70.30290438]
 [ 15.91882033  42.70264098  70.30290438  75.78448163]]
[  0.99701524  -1.52831408 -10.26585076 -22.147283  ]
17.2438175877
[-38.18537094  59.25387704 -37.07308527   8.73222714]
12
Acceptance rate during burn-in: 0.04
Acceptance rate post burn-in: 0.018
[[ 0.39894228  0.94115047  1.34523506  1.2015247 ]
 [ 0.94115047  2.30139195  3.41208959  3.18478543]
 [ 1.34523506  3.41208959  5.25071674  5.12903607]
 [ 1.2015247   3.18478543  5.12903607  5.30437437]]
[ 0.96411705  1.3786103   0.52891526 -1.28814229]
Acceptance rate during burn-in: 0.18
Acceptance rate post burn-in: 0.264
[[  0.79788456   1.97089103   2.95773681   2.8090576 ]
 [  1.97089103   4.98075607   7.65269131   7.48527942]
 [  2.95773681   7.65269131  12.0568779   12.1857    ]
 [  2.8090576    7.48527942  12.1857      12.87346671]]
[ 1.0097093   1.16942817 -0.4801851  -3.39398231]
Acceptance rate during burn-in: 0.21
Acceptance rate post burn-in: 0.206
[[  1.19682684   3.01230905   4.6114705    4.49184886]
 [  3.01230905   7.71843096  12.04015876  12.01518847]
 [  4.6114705   12.04015876  19.17316936  19.67195348]
 [  4.49184886  12.01518847  19.67195348  20.97777977]]
[ 1.05988614  0.97937631 -1.45845777 -5.4919272 ]
Acceptance rate during burn-in: 0.24
Acceptance rate post burn-in: 0.184
[[  1.59576912   4.04074683   6.22024528   6.09452146]
 [  4.04074683  10.39252435  16.27049979  16.30515076]
 [  6.22024528  16.27049979  25.96379651  26.71650551]
