My SLURM_ARRAY_TASK_ID:  91
Data shape: (10, 91, 4)
Theta shape: (35, 4)
Theta: [[ 0.3190218   0.38994757  0.41548113  0.30087434]
 [ 0.03192409  0.46825772  0.04226525  0.13635464]
 [ 0.03511482  0.32232766  0.49464261  0.4408771 ]
 [ 0.10430928  0.2626841   0.34236244  0.29422253]
 [ 0.15705445  0.10021059  0.19347798  0.37117999]
 [ 0.0728208   0.219256    0.42831128  0.0895437 ]
 [ 0.20333856  0.02738895  0.49344338  0.05839086]
 [ 0.43336009  0.33060014  0.20598551  0.34370559]
 [ 0.49335403  0.40454245  0.3547083   0.47607695]
 [ 0.22453009  0.03024449  0.04205241  0.16995953]
 [ 0.3270037   0.48440687  0.41181798  0.16785966]
 [ 0.22906659  0.17356967  0.47375358  0.05116579]
 [ 0.3459513   0.16564499  0.45313525  0.01978418]
 [ 0.27073322  0.03317881  0.15717086  0.41417249]
 [ 0.06223341  0.00997245  0.05939035  0.00405751]
 [ 0.11611016  0.32813949  0.24330644  0.48781988]
 [ 0.02294366  0.13821432  0.14634162  0.20584076]
 [ 0.17742847  0.33146797  0.06729216  0.40909119]
 [ 0.04012837  0.18523211  0.4597398   0.25698996]
 [ 0.03906796  0.37201251  0.37891964  0.30684957]
 [ 0.00344098  0.37695191  0.46629145  0.22796999]
 [ 0.38185767  0.39211904  0.34505204  0.14814328]
 [ 0.07469677  0.27905433  0.00923838  0.2375955 ]
 [ 0.19075497  0.33508495  0.07712745  0.40499065]
 [ 0.41671065  0.16906135  0.05762444  0.09441591]
 [ 0.06354897  0.37430714  0.17939439  0.46431255]
 [ 0.12448569  0.26254915  0.00383851  0.34926218]
 [ 0.48249338  0.36362968  0.2198591   0.40532856]
 [ 0.28613327  0.06019899  0.24473891  0.37571529]
 [ 0.01601759  0.12554364  0.19837508  0.12504964]
 [ 0.47531561  0.47718301  0.22542418  0.11473479]
 [ 0.22670435  0.37084864  0.3507995   0.17770654]
 [ 0.06637411  0.0204091   0.07627176  0.26237729]
 [ 0.36500864  0.01566033  0.1681072   0.48255284]
 [ 0.34169845  0.44503541  0.48273661  0.40532262]]
1
5.96781965434
[[ -2.65096732e-01   3.85575984e-01   2.61874378e-01  -8.62734212e-02]
 [ -3.48491074e+00  -5.65239664e+01   1.01275827e+00   1.59220960e+01]
 [  5.35429241e+00  -4.03166622e+00   2.23131516e-01   1.46147056e+00]
 [  5.50617977e-01   1.97097055e+01  -7.88708768e-01  -2.56973573e+01]
 [  1.17263536e-02   9.79335581e-01   6.33462322e+00  -8.83546137e-01]
 [ -2.45258851e-01   2.65330403e-01   0.00000000e+00  -1.20539563e-01]
 [  5.62651974e-02  -9.46294296e-01  -5.99384554e-02   2.20346723e-01]
 [  0.00000000e+00   3.03585072e-01   1.24034222e-02  -6.24855769e-02]
 [  2.25284729e-01  -5.51416280e-01  -2.99711863e-01   2.23796229e-01]
 [ -2.04544655e-01  -5.32847956e-01   4.84490942e-02   2.82398893e-01]
 [ -1.31431111e-01   6.99543810e-02   4.00258554e-01   8.94264254e-02]
 [  4.95770661e-02  -9.56740686e-01  -7.85490716e-02   2.60646078e-01]
 [ -1.65573294e-02   1.46170715e-01   5.55550358e-02   0.00000000e+00]
 [ -1.10196276e-01   7.92658210e-01   1.01784981e-01  -2.68903112e-01]
 [  1.62378475e-01   9.29631093e-02  -4.77600456e-02  -5.41748743e-02]
 [ -1.62429757e+00  -3.60532208e+00   5.80134397e-01   1.57061859e+00]
 [ -9.67066989e-01  -1.25062820e+00   1.00508228e-01   3.82382204e-01]
 [ -2.13810616e-01   8.40711805e-01   7.91577963e-02  -2.76465166e-01]
 [ -7.07853100e-02  -3.37535324e-01   2.19431920e-02   1.08918692e-01]
 [ -6.64085678e-01  -2.03256958e+00  -9.20630655e-02   6.06117858e-01]
 [ -1.51649814e-01   1.86352204e+00   0.00000000e+00  -8.78140874e-01]
 [  2.63707802e-01   4.45909003e-01  -1.51593319e-01  -8.02539957e-02]
 [ -1.54571128e+00  -3.18961322e-01   3.08659031e-01  -1.33044076e-01]
 [ -7.37129933e-01  -3.82779942e+00   2.93149259e-01   1.57015028e+00]
 [  6.91684792e-01  -1.06934075e+00  -2.54356737e-01   1.07033423e+00]
 [  1.96408576e-01  -8.79344068e-02  -8.72270809e-02  -2.95701491e-02]
 [ -2.63211292e-01   7.96447881e-02   0.00000000e+00   1.35146742e-02]
 [ -4.69381229e-02  -1.86991744e-01   0.00000000e+00   6.96372740e-02]
 [ -2.55377038e-01  -1.22024380e+00  -1.50623607e-01   3.76172448e-01]
 [ -1.03359879e-01   3.39455092e-01   1.01521335e-01  -1.79584913e-02]
 [ -1.59281599e-01   2.07888855e-01   1.16805845e-01  -2.40458532e-01]
 [ -5.29561980e-01   6.95605168e-01   0.00000000e+00  -4.90117603e-01]
 [ -9.48964477e-02  -7.88235448e-02   3.50744147e-02   9.55689431e-02]
 [ -8.09051897e-02   2.21015230e-01   7.39514754e-02  -5.74913485e-02]
 [  7.17589297e-02   1.02156521e+00  -5.06671714e-02  -4.39985437e-01]]
2
Finished successfully!, number of iterations:  2
0.056360285175
[[ -2.50092616e-01   3.78188701e-01   2.95732698e-01  -1.38244377e-01]
 [ -3.87545380e+00  -5.55713339e+01   1.07743592e+00   1.54497883e+01]
 [  5.36943581e+00  -4.08082920e+00   1.93297771e-01   1.47098665e+00]
 [  7.77580189e-01   1.92657429e+01  -9.31804012e-01  -2.52473678e+01]
 [  1.79989661e-02   8.93388200e-01   6.30731353e+00  -8.54432496e-01]
 [ -2.28690496e-01   2.77483929e-01   3.28529473e-02  -1.41987009e-01]
 [  7.23709623e-02  -9.54600699e-01  -5.68910202e-02   2.11130719e-01]
 [  0.00000000e+00   2.91865017e-01   0.00000000e+00  -5.53516569e-02]
 [  2.14210302e-01  -6.05051903e-01  -3.07965535e-01   2.84416408e-01]
 [ -1.97589746e-01  -5.56494904e-01   7.08404047e-02   3.03500670e-01]
 [ -1.30697396e-01   5.38458539e-02   4.32064828e-01   2.66849184e-02]
 [  7.06587035e-02  -9.29219893e-01  -6.10827686e-02   2.36668966e-01]
 [ -1.42171096e-02   1.17132957e-01   5.57003185e-02   1.45412260e-02]
 [ -1.09423244e-01   7.99733369e-01   9.05100605e-02  -2.54922701e-01]
 [  1.67468861e-01   5.14800991e-02  -4.62363038e-02  -4.34915518e-02]
 [ -1.90701586e+00  -2.68290433e+00   6.28837392e-01   1.12450276e+00]
 [ -9.33499315e-01  -1.22296418e+00   3.90942463e-02   3.49419680e-01]
 [ -2.33856558e-01   9.14523106e-01   1.04851330e-01  -2.91969501e-01]
 [ -6.09688368e-02  -3.19316685e-01   3.18188517e-02   1.04089076e-01]
 [ -5.95219555e-01  -2.53933103e+00  -1.04328598e-01   8.18199101e-01]
 [ -1.87639507e-01   1.96042373e+00   7.64519688e-02  -9.20881942e-01]
 [  2.91975329e-01   4.51042322e-01  -1.55136707e-01  -6.90343035e-02]
 [ -1.74594229e+00   1.88615485e-01   3.56128874e-01  -3.96206666e-01]
 [ -6.94428415e-01  -3.88969545e+00   2.88866580e-01   1.60880866e+00]
 [  8.81274313e-01  -1.31120764e+00  -3.92342609e-01   1.44777840e+00]
 [  1.53180681e-01  -1.58623937e-01  -9.65988839e-02  -2.74786562e-02]
 [ -2.89304707e-01   1.77121642e-01   2.12032608e-02   1.46676469e-02]
 [ -3.65352054e-02  -1.79358098e-01   0.00000000e+00   6.47035696e-02]
 [ -2.69406026e-01  -1.21366275e+00  -1.15030346e-01   3.80854361e-01]
 [ -8.24313444e-02   3.20141847e-01   1.14262558e-01  -1.27456674e-02]
 [ -1.31877091e-01   1.17418957e-01   9.59035879e-02  -1.94251779e-01]
 [ -5.78323944e-01   8.86722682e-01   4.97042929e-02  -6.00611500e-01]
 [ -8.15703397e-02  -7.53430924e-02   3.88436782e-02   9.48535377e-02]
 [ -3.07940937e-02   1.38189491e-01   4.99284096e-02   7.23693177e-02]
 [  7.73634839e-02   9.78289903e-01  -3.62412460e-02  -4.36527615e-01]]
Time taken for 4D timepoints exp:  44.323718786239624 , number of time points:  91
Avg AR burnin:  0.352277777778 , Avg AR sampling:  0.207655555556

 Estimated ordinary:  [[ -1.82049966e-02   4.28158737e-02   1.05884268e+00  -1.04334412e-02
   -1.05012318e-02  -2.57367231e-02   1.15181964e-02   0.00000000e+00
    3.40926284e-02  -3.14473848e-02  -1.47086248e-02   1.12456819e-02
   -2.26272327e-03  -1.74152501e-02   1.88468685e-02  -1.23907847e-01
   -1.05055583e-01  -2.63181093e-02  -3.96143392e-03  -6.69857346e-02
   -2.98637551e-02   3.28587690e-02  -1.96487541e-01  -7.81506541e-02
    5.72605635e-02   1.72388833e-02  -4.60442741e-02  -4.11165519e-03
   -4.28773008e-02  -1.31193559e-02  -1.48413871e-02  -6.50843104e-02
   -9.17988847e-03  -3.46555312e-03   5.02667175e-03]
 [ -1.57370014e-02  -8.54542758e+00  -3.38615117e-03   3.54128758e+00
   -2.36831615e-02   3.12279136e-02  -1.51929420e-01   3.28463546e-02
   -9.62970012e-02  -8.85689148e-02   6.05978761e-03  -1.47889939e-01
    1.86422891e-02   1.27281519e-01   5.79354665e-03  -1.74320993e-01
   -1.37631826e-01   1.02920009e-01  -2.07475165e-02  -2.85775145e-01
    3.12011128e-01   5.07600953e-02   2.12266998e-02  -4.37744535e-01
   -8.51953668e-02  -1.78514649e-02   2.81897848e-02  -2.01848778e-02
   -1.93160426e-01   5.09521574e-02   1.32142753e-02   9.97913623e-02
   -8.47907692e-03   1.55517817e-02   6.35641257e-02]
 [ -5.08992568e-05  -8.56857108e-03  -1.67179784e-02  -4.82429595e-02
    1.01098267e+00   3.69725556e-03  -9.05448708e-03   0.00000000e+00
   -4.90142371e-02   1.12746006e-02   4.86243768e-02  -9.72162456e-03
    8.86498103e-03   1.44051235e-02  -5.20341234e-03   4.08585419e-02
    4.39964848e-03   1.17999204e-02   2.06742141e-03  -1.17410924e-02
    1.21677087e-02  -1.74590135e-02   4.00785795e-02   3.25089119e-02
   -2.54923564e-02  -1.08711939e-02   3.37460377e-03   0.00000000e+00
   -1.83076482e-02   1.81854509e-02   1.07929456e-02   5.59369823e-03
    4.37144966e-03   5.61892023e-03  -2.35476530e-03]
 [  2.09753742e-03   2.38475694e+00  -1.72275724e-02  -4.39290551e+00
   -3.32256279e-02  -1.59791526e-02   3.36024976e-02  -6.22924998e-03
    4.52662772e-02   4.83036318e-02   3.00310843e-03   3.76670358e-02
    2.31430799e-03  -4.05722080e-02  -4.89451922e-03   7.30642671e-02
    3.93235299e-02  -3.28581131e-02   6.76315994e-03   9.20797500e-02
   -1.46562913e-01  -7.76908872e-03  -4.45889158e-02   1.81054586e-01
    9.40690158e-02  -3.09243532e-03   2.33442851e-03   7.28170993e-03
    6.06148542e-02  -2.02853596e-03  -2.18610058e-02  -6.75925416e-02
    1.06747735e-02   8.14440968e-03  -2.83632654e-02]] 
 True ordinary:  [[ 0.          0.          1.          0.          0.          0.          0.
   0.          0.          0.          0.          0.          0.          0.
   0.          0.          0.          0.          0.          0.          0.
   0.          0.          0.          0.          0.          0.          0.
   0.          0.          0.          0.          0.          0.          0.        ]
 [ 0.         -8.5         0.          3.5         0.          0.          0.
   0.          0.          0.          0.          0.          0.          0.
   0.          0.          0.          0.          0.          0.          0.
   0.          0.          0.          0.          0.          0.          0.
   0.          0.          0.          0.          0.          0.          0.        ]
 [ 0.          0.          0.          0.          1.          0.          0.
   0.          0.          0.          0.          0.          0.          0.
   0.          0.          0.          0.          0.          0.          0.
   0.          0.          0.          0.          0.          0.          0.
   0.          0.          0.          0.          0.          0.          0.        ]
 [ 0.          2.33333333  0.         -4.33333333  0.          0.          0.
   0.          0.          0.          0.          0.          0.          0.
   0.          0.          0.          0.          0.          0.          0.
   0.          0.          0.          0.          0.          0.          0.
   0.          0.          0.          0.          0.          0.          0.        ]]

 Estimated hermite:  [[ -2.50092616e-01  -3.87545380e+00   5.36943581e+00   7.77580189e-01
    1.79989661e-02  -2.28690496e-01   7.23709623e-02   0.00000000e+00
    2.14210302e-01  -1.97589746e-01  -1.30697396e-01   7.06587035e-02
   -1.42171096e-02  -1.09423244e-01   1.67468861e-01  -1.90701586e+00
   -9.33499315e-01  -2.33856558e-01  -6.09688368e-02  -5.95219555e-01
   -1.87639507e-01   2.91975329e-01  -1.74594229e+00  -6.94428415e-01
    8.81274313e-01   1.53180681e-01  -2.89304707e-01  -3.65352054e-02
   -2.69406026e-01  -8.24313444e-02  -1.31877091e-01  -5.78323944e-01
   -8.15703397e-02  -3.07940937e-02   7.73634839e-02]
 [  3.78188701e-01  -5.55713339e+01  -4.08082920e+00   1.92657429e+01
    8.93388200e-01   2.77483929e-01  -9.54600699e-01   2.91865017e-01
   -6.05051903e-01  -5.56494904e-01   5.38458539e-02  -9.29219893e-01
    1.17132957e-01   7.99733369e-01   5.14800991e-02  -2.68290433e+00
   -1.22296418e+00   9.14523106e-01  -3.19316685e-01  -2.53933103e+00
    1.96042373e+00   4.51042322e-01   1.88615485e-01  -3.88969545e+00
   -1.31120764e+00  -1.58623937e-01   1.77121642e-01  -1.79358098e-01
   -1.21366275e+00   3.20141847e-01   1.17418957e-01   8.86722682e-01
   -7.53430924e-02   1.38189491e-01   9.78289903e-01]
 [  2.95732698e-01   1.07743592e+00   1.93297771e-01  -9.31804012e-01
    6.30731353e+00   3.28529473e-02  -5.68910202e-02   0.00000000e+00
   -3.07965535e-01   7.08404047e-02   4.32064828e-01  -6.10827686e-02
    5.57003185e-02   9.05100605e-02  -4.62363038e-02   6.28837392e-01
    3.90942463e-02   1.04851330e-01   3.18188517e-02  -1.04328598e-01
    7.64519688e-02  -1.55136707e-01   3.56128874e-01   2.88866580e-01
   -3.92342609e-01  -9.65988839e-02   2.12032608e-02   0.00000000e+00
   -1.15030346e-01   1.14262558e-01   9.59035879e-02   4.97042929e-02
    3.88436782e-02   4.99284096e-02  -3.62412460e-02]
 [ -1.38244377e-01   1.54497883e+01   1.47098665e+00  -2.52473678e+01
   -8.54432496e-01  -1.41987009e-01   2.11130719e-01  -5.53516569e-02
    2.84416408e-01   3.03500670e-01   2.66849184e-02   2.36668966e-01
    1.45412260e-02  -2.54922701e-01  -4.34915518e-02   1.12450276e+00
    3.49419680e-01  -2.91969501e-01   1.04089076e-01   8.18199101e-01
   -9.20881942e-01  -6.90343035e-02  -3.96206666e-01   1.60880866e+00
    1.44777840e+00  -2.74786562e-02   1.46676469e-02   6.47035696e-02
    3.80854361e-01  -1.27456674e-02  -1.94251779e-01  -6.00611500e-01
    9.48535377e-02   7.23693177e-02  -4.36527615e-01]] 
 True hermite:  [[  0.           0.           6.28318531   0.           0.           0.
    0.           0.           0.           0.           0.           0.
    0.           0.           0.           0.           0.           0.
    0.           0.           0.           0.           0.           0.
    0.           0.           0.           0.           0.           0.
    0.           0.           0.           0.           0.        ]
 [  0.         -53.40707511   0.          21.99114858   0.           0.
    0.           0.           0.           0.           0.           0.
    0.           0.           0.           0.           0.           0.
    0.           0.           0.           0.           0.           0.
    0.           0.           0.           0.           0.           0.
    0.           0.           0.           0.           0.        ]
 [  0.           0.           0.           0.           6.28318531   0.
    0.           0.           0.           0.           0.           0.
    0.           0.           0.           0.           0.           0.
    0.           0.           0.           0.           0.           0.
    0.           0.           0.           0.           0.           0.
    0.           0.           0.           0.           0.        ]
 [  0.          14.66076572   0.         -27.22713633   0.           0.
    0.           0.           0.           0.           0.           0.
    0.           0.           0.           0.           0.           0.
    0.           0.           0.           0.           0.           0.
    0.           0.           0.           0.           0.           0.
    0.           0.           0.           0.           0.        ]]


