My SLURM_ARRAY_TASK_ID:  31
Data shape: (10, 31, 4)
Theta shape: (35, 4)
Theta: [[ 0.2806883   0.04368206  0.33132722  0.15903559]
 [ 0.20925787  0.17811187  0.13071435  0.17387745]
 [ 0.37878097  0.19294493  0.04504456  0.12434549]
 [ 0.07079198  0.49436473  0.38798922  0.39360827]
 [ 0.49099113  0.38933508  0.4068668   0.29327025]
 [ 0.47219166  0.22428077  0.3197006   0.44013028]
 [ 0.14942956  0.40451185  0.16487682  0.39108549]
 [ 0.47460759  0.31626884  0.06483341  0.13390749]
 [ 0.14903599  0.30870428  0.1534756   0.38484939]
 [ 0.13735991  0.24438147  0.20466581  0.4041134 ]
 [ 0.13589543  0.15004592  0.25489976  0.02981502]
 [ 0.4756227   0.41330434  0.04905146  0.06716862]
 [ 0.4214336   0.17969441  0.34155702  0.47338446]
 [ 0.1291273   0.06521179  0.33309846  0.39631128]
 [ 0.24224464  0.28378247  0.27384215  0.21648717]
 [ 0.19096086  0.14049321  0.12004586  0.22207557]
 [ 0.10066158  0.25124891  0.1337956   0.02300055]
 [ 0.1631082   0.43935657  0.15768414  0.18234695]
 [ 0.17222048  0.41024661  0.44553552  0.05543823]
 [ 0.49087596  0.43312567  0.03090833  0.04300522]
 [ 0.19401869  0.36446628  0.46107759  0.28238509]
 [ 0.34956267  0.05534156  0.42800271  0.41802944]
 [ 0.07079087  0.27568168  0.02220315  0.21495629]
 [ 0.26072875  0.18602016  0.11912464  0.12081259]
 [ 0.46388274  0.39388312  0.15238283  0.01321325]
 [ 0.22595771  0.25658547  0.00053546  0.23872807]
 [ 0.09476045  0.23544342  0.0965425   0.35140389]
 [ 0.13225551  0.20112077  0.3659329   0.09813129]
 [ 0.08168002  0.30475256  0.19487641  0.37579314]
 [ 0.23596762  0.24096661  0.43157651  0.3398118 ]
 [ 0.36500848  0.12354645  0.21766793  0.13233398]
 [ 0.10447569  0.01950453  0.12872717  0.49854331]
 [ 0.22989487  0.23710376  0.24559026  0.20286126]
 [ 0.18932964  0.08852989  0.43057286  0.36971666]
 [ 0.05469483  0.25504212  0.4903142   0.02062033]]
1
15.6137908561
[[  1.00910121e+00   1.35700926e+00  -7.09368292e-01   9.87004651e-01]
 [ -8.78874935e+00  -6.98871672e+01   2.81243922e+00   2.39123075e+01]
 [  6.86394185e+00  -8.41350029e+00  -5.58482329e-01   9.49627004e-01]
 [  6.89829081e-01   1.70889078e+01   1.93151492e+00  -1.85765239e+01]
 [ -1.96668344e+00   5.33946650e+00   8.14312795e+00  -5.65794307e+00]
 [ -2.02758884e-01  -1.21540310e+00   7.67870116e-01   3.16080523e+00]
 [ -1.04746749e+00   4.14562922e+00  -4.34843309e-01  -2.92188603e+00]
 [  0.00000000e+00   1.12266769e+00  -1.11679633e-01  -3.74340900e-01]
 [ -3.06903118e-01  -1.60669198e+01   1.91299321e+00   6.97073639e+00]
 [  3.55102326e-01  -5.42198610e+00  -2.33476133e-02   2.44415271e+00]
 [  2.52303552e+00   7.77406547e-01  -2.14322225e+00  -9.24667622e-01]
 [ -1.33983328e-01  -3.89145293e+00  -5.92237005e-01   1.22934803e+00]
 [  2.11228351e-01   1.53935303e+00  -3.51357604e-01  -3.26205901e-01]
 [ -1.19371753e+00  -9.33148273e+00   2.80194284e-01   3.96001073e+00]
 [ -3.95622124e-01   1.32064028e+00   5.94893438e-01   6.57051766e-02]
 [ -4.66529425e+00  -1.70822634e+01   1.99636435e+00   1.18618607e+01]
 [  1.68612112e+00   3.40583842e+00  -1.61109071e+00  -2.54422280e+00]
 [ -1.42807212e+00  -4.49836651e-01   6.06034982e-01  -5.61772299e-01]
 [  8.03874014e-01  -2.30259189e+00  -3.56570990e-01   8.89133013e-01]
 [  1.60085978e+00  -2.38707495e+01   1.69316760e+00   1.18057641e+01]
 [  4.47393948e+00  -6.71551024e+00  -4.89177054e-01   3.53331459e+00]
 [  1.74217930e+00  -1.24725318e+00  -8.48742269e-01   1.17413446e+00]
 [ -1.57369107e+00  -1.07023522e+01  -2.49562196e-01  -5.55505835e-01]
 [  2.05718057e+00  -1.26607809e+01   1.19045729e-01   4.29651990e+00]
 [ -1.42414999e+00   1.28482547e+01   2.34016989e+00  -2.58602990e-01]
 [ -4.07349136e+00  -4.20758337e+00   1.46800719e+00  -9.73367031e-01]
 [ -1.29858103e+00  -1.18167723e+00   3.28423768e-01   9.18232401e-01]
 [  6.73680954e-01  -3.85157000e+00  -4.42710531e-01   9.89149426e-01]
 [  4.93856843e+00  -1.00014252e+01   5.01984205e-02   1.96046258e+00]
 [ -4.57847562e-01  -8.05907480e-01   1.76573633e-01  -9.92793472e-02]
 [  6.49641166e-01   1.45332214e+01   2.68532455e+00  -6.48887854e+00]
 [  1.89090876e+00  -5.57607111e+00  -6.29905319e-01   1.85948138e+00]
 [  1.71241812e-01  -7.18451674e+00  -2.73309949e-01   2.10869199e+00]
 [ -1.00766846e+00   2.52088891e+00  -6.45301968e-01  -2.23824577e+00]
 [ -4.96718814e-01   2.48829401e+00   6.56450331e-01  -2.10620642e+00]]
2
Finished successfully!, number of iterations:  2
0.0503560230755
[[  1.12899049e+00   1.22501466e+00  -7.59797424e-01   1.00733075e+00]
 [ -9.19082802e+00  -6.72249684e+01   2.89302145e+00   2.22406134e+01]
 [  6.81440192e+00  -8.52731046e+00  -5.24680151e-01   9.54729624e-01]
 [  6.34836112e-01   1.54183427e+01   1.91241998e+00  -1.75743752e+01]
 [ -1.95589837e+00   5.74834958e+00   8.09427959e+00  -5.88830128e+00]
 [ -1.89674639e-01  -1.47879991e+00   7.29959522e-01   3.18716650e+00]
 [ -1.03407300e+00   4.12747687e+00  -4.19346203e-01  -2.85036790e+00]
 [  0.00000000e+00   1.11940894e+00  -1.02661354e-01  -3.83037436e-01]
 [ -4.78997767e-01  -1.61600825e+01   1.92483178e+00   6.89557774e+00]
 [  2.98218138e-01  -5.44155465e+00   0.00000000e+00   2.43524133e+00]
 [  2.69915507e+00   8.03994167e-01  -2.20072408e+00  -9.51101460e-01]
 [ -1.11791410e-01  -3.85807892e+00  -5.60589463e-01   1.20608336e+00]
 [  2.07152377e-01   1.48587788e+00  -3.36206847e-01  -3.09491858e-01]
 [ -1.23353436e+00  -9.53725071e+00   2.94473174e-01   4.09885921e+00]
 [ -4.13182650e-01   1.23972252e+00   6.17232175e-01   9.07408967e-02]
 [ -4.84211952e+00  -1.50053040e+01   2.08047402e+00   1.07005128e+01]
 [  1.75993328e+00   3.48232743e+00  -1.60202366e+00  -2.59223148e+00]
 [ -1.41784428e+00  -2.34210678e-01   6.26146169e-01  -6.73550724e-01]
 [  8.15541124e-01  -2.31432760e+00  -3.62978528e-01   9.01075051e-01]
 [  1.66069468e+00  -2.52048944e+01   1.68692344e+00   1.24618381e+01]
 [  4.57038303e+00  -6.99490394e+00  -4.68105645e-01   3.66046013e+00]
 [  1.71759969e+00  -1.31036544e+00  -8.44049331e-01   1.22284884e+00]
 [ -1.87663030e+00  -9.46109409e+00  -2.13686714e-01  -1.51867936e+00]
 [  1.97640647e+00  -1.28331648e+01   1.75697605e-01   4.32077818e+00]
 [ -1.52268792e+00   1.19198701e+01   2.30826651e+00   3.76825994e-01]
 [ -4.10295321e+00  -3.66286624e+00   1.47184271e+00  -1.22838955e+00]
 [ -1.29366299e+00  -8.98866653e-01   3.51045006e-01   8.18532455e-01]
 [  6.85501053e-01  -3.91079893e+00  -4.48455517e-01   1.00147025e+00]
 [  5.05186904e+00  -1.04303268e+01   1.18319216e-02   1.92486595e+00]
 [ -4.64699707e-01  -9.87103832e-01   2.07288329e-01  -2.54666769e-02]
 [  6.89029374e-01   1.46270524e+01   2.63823379e+00  -6.59070909e+00]
 [  1.93960349e+00  -5.00875600e+00  -5.85511705e-01   1.56276010e+00]
 [  1.79302457e-01  -7.27320643e+00  -2.86312959e-01   2.14595732e+00]
 [ -1.09923442e+00   2.39895888e+00  -6.28142531e-01  -2.11870300e+00]
 [ -4.48750294e-01   2.51083415e+00   6.20546096e-01  -2.15983960e+00]]
Time taken for 4D timepoints exp:  14.814789772033691 , number of time points:  31
Avg AR burnin:  0.246166666667 , Avg AR sampling:  0.08355

 Estimated ordinary:  [[ -5.62319698e-02  -3.66442867e-01   4.84912476e-01   1.41361671e-01
    8.32368416e-02  -2.13458965e-02  -1.64577829e-01   0.00000000e+00
   -7.62348624e-02   4.74628908e-02   3.03761669e-01  -1.77921556e-02
    3.29693248e-02  -1.96323091e-01  -4.64993852e-02  -3.14615425e-01
    1.98062081e-01  -1.59563543e-01   5.29895671e-02   1.86893815e-01
    7.27399051e-01   1.93297879e-01  -2.11195110e-01   2.22423875e-01
   -9.89362415e-02  -4.61744465e-01  -2.05892860e-01   7.71459729e-02
    8.04029929e-01  -7.39592554e-02   7.75430485e-02   2.18282083e-01
    2.01786160e-02  -1.23707335e-01  -2.91574307e-02]
 [  5.41389810e-03  -6.11950090e+00   9.64817076e-01   2.84447171e+00
   -3.68329044e-01  -1.66423461e-01   6.56908347e-01   1.25977766e-01
   -2.57195700e+00  -8.66050320e-01   9.04811333e-02  -6.14032330e-01
    2.36484809e-01  -1.51790059e+00   1.39517801e-01  -9.74965630e-01
    3.91899525e-01  -2.63579619e-02  -1.50372819e-01  -2.83654721e+00
   -1.11327354e+00  -1.47467924e-01  -1.06474717e+00  -1.44423845e+00
    7.74490382e-01  -4.12217280e-01  -1.43059071e-01  -4.40119511e-01
   -1.66003807e+00  -1.57102454e-01   1.64612175e+00  -5.63683093e-01
   -8.18523303e-01   2.69977728e-01   1.63140780e-01]
 [ -1.33159135e-02   7.43791507e-02   1.79987466e-01  -1.69731704e-01
    7.55208017e-01   8.21493084e-02  -6.67410211e-02  -1.15534615e-02
    3.06346492e-01   0.00000000e+00  -2.47668474e-01  -8.92205841e-02
   -5.35089816e-02   4.68668613e-02   6.94630248e-02   1.35178245e-01
   -1.80291005e-01   7.04662015e-02  -2.35844331e-02   1.89845587e-01
   -7.45013273e-02  -9.49889230e-02  -2.40482044e-02   1.97729275e-02
    1.49979001e-01   1.65640501e-01   5.58705479e-02  -5.04689774e-02
    1.88310880e-03   3.29909622e-02   2.96905615e-01  -6.58932177e-02
   -3.22215286e-02  -7.06908712e-02   4.03198172e-02]
 [ -5.84291438e-02   1.52475492e+00  -4.59726292e-01  -4.17213170e+00
    2.51105512e-01   3.58682250e-01  -4.53650140e-01  -4.31068566e-02
    1.09746528e+00   3.87580696e-01  -1.07036520e-01   1.91954129e-01
   -4.92571591e-02   6.52353704e-01   1.02119387e-02   6.95262968e-01
   -2.91728537e-01  -7.58010884e-02   5.85471113e-02   1.40244952e+00
    5.82580324e-01   1.37618845e-01  -1.70911476e-01   4.86258387e-01
    2.44841685e-02  -1.38242395e-01   1.30273486e-01   1.12705000e-01
    3.06351930e-01  -4.05314752e-03  -7.41715366e-01   1.75872302e-01
    2.41505048e-01  -2.38437860e-01  -1.40335002e-01]] 
 True ordinary:  [[ 0.          0.          1.          0.          0.          0.          0.
   0.          0.          0.          0.          0.          0.          0.
   0.          0.          0.          0.          0.          0.          0.
   0.          0.          0.          0.          0.          0.          0.
   0.          0.          0.          0.          0.          0.          0.        ]
 [ 0.         -8.5         0.          3.5         0.          0.          0.
   0.          0.          0.          0.          0.          0.          0.
   0.          0.          0.          0.          0.          0.          0.
   0.          0.          0.          0.          0.          0.          0.
   0.          0.          0.          0.          0.          0.          0.        ]
 [ 0.          0.          0.          0.          1.          0.          0.
   0.          0.          0.          0.          0.          0.          0.
   0.          0.          0.          0.          0.          0.          0.
   0.          0.          0.          0.          0.          0.          0.
   0.          0.          0.          0.          0.          0.          0.        ]
 [ 0.          2.33333333  0.         -4.33333333  0.          0.          0.
   0.          0.          0.          0.          0.          0.          0.
   0.          0.          0.          0.          0.          0.          0.
   0.          0.          0.          0.          0.          0.          0.
   0.          0.          0.          0.          0.          0.          0.        ]]

 Estimated hermite:  [[  1.12899049e+00  -9.19082802e+00   6.81440192e+00   6.34836112e-01
   -1.95589837e+00  -1.89674639e-01  -1.03407300e+00   0.00000000e+00
   -4.78997767e-01   2.98218138e-01   2.69915507e+00  -1.11791410e-01
    2.07152377e-01  -1.23353436e+00  -4.13182650e-01  -4.84211952e+00
    1.75993328e+00  -1.41784428e+00   8.15541124e-01   1.66069468e+00
    4.57038303e+00   1.71759969e+00  -1.87663030e+00   1.97640647e+00
   -1.52268792e+00  -4.10295321e+00  -1.29366299e+00   6.85501053e-01
    5.05186904e+00  -4.64699707e-01   6.89029374e-01   1.93960349e+00
    1.79302457e-01  -1.09923442e+00  -4.48750294e-01]
 [  1.22501466e+00  -6.72249684e+01  -8.52731046e+00   1.54183427e+01
    5.74834958e+00  -1.47879991e+00   4.12747687e+00   1.11940894e+00
   -1.61600825e+01  -5.44155465e+00   8.03994167e-01  -3.85807892e+00
    1.48587788e+00  -9.53725071e+00   1.23972252e+00  -1.50053040e+01
    3.48232743e+00  -2.34210678e-01  -2.31432760e+00  -2.52048944e+01
   -6.99490394e+00  -1.31036544e+00  -9.46109409e+00  -1.28331648e+01
    1.19198701e+01  -3.66286624e+00  -8.98866653e-01  -3.91079893e+00
   -1.04303268e+01  -9.87103832e-01   1.46270524e+01  -5.00875600e+00
   -7.27320643e+00   2.39895888e+00   2.51083415e+00]
 [ -7.59797424e-01   2.89302145e+00  -5.24680151e-01   1.91241998e+00
    8.09427959e+00   7.29959522e-01  -4.19346203e-01  -1.02661354e-01
    1.92483178e+00   0.00000000e+00  -2.20072408e+00  -5.60589463e-01
   -3.36206847e-01   2.94473174e-01   6.17232175e-01   2.08047402e+00
   -1.60202366e+00   6.26146169e-01  -3.62978528e-01   1.68692344e+00
   -4.68105645e-01  -8.44049331e-01  -2.13686714e-01   1.75697605e-01
    2.30826651e+00   1.47184271e+00   3.51045006e-01  -4.48455517e-01
    1.18319216e-02   2.07288329e-01   2.63823379e+00  -5.85511705e-01
   -2.86312959e-01  -6.28142531e-01   6.20546096e-01]
 [  1.00733075e+00   2.22406134e+01   9.54729624e-01  -1.75743752e+01
   -5.88830128e+00   3.18716650e+00  -2.85036790e+00  -3.83037436e-01
    6.89557774e+00   2.43524133e+00  -9.51101460e-01   1.20608336e+00
   -3.09491858e-01   4.09885921e+00   9.07408967e-02   1.07005128e+01
   -2.59223148e+00  -6.73550724e-01   9.01075051e-01   1.24618381e+01
    3.66046013e+00   1.22284884e+00  -1.51867936e+00   4.32077818e+00
    3.76825994e-01  -1.22838955e+00   8.18532455e-01   1.00147025e+00
    1.92486595e+00  -2.54666769e-02  -6.59070909e+00   1.56276010e+00
    2.14595732e+00  -2.11870300e+00  -2.15983960e+00]] 
 True hermite:  [[  0.           0.           6.28318531   0.           0.           0.
    0.           0.           0.           0.           0.           0.
    0.           0.           0.           0.           0.           0.
    0.           0.           0.           0.           0.           0.
    0.           0.           0.           0.           0.           0.
    0.           0.           0.           0.           0.        ]
 [  0.         -53.40707511   0.          21.99114858   0.           0.
    0.           0.           0.           0.           0.           0.
    0.           0.           0.           0.           0.           0.
    0.           0.           0.           0.           0.           0.
    0.           0.           0.           0.           0.           0.
    0.           0.           0.           0.           0.        ]
 [  0.           0.           0.           0.           6.28318531   0.
    0.           0.           0.           0.           0.           0.
    0.           0.           0.           0.           0.           0.
    0.           0.           0.           0.           0.           0.
    0.           0.           0.           0.           0.           0.
    0.           0.           0.           0.           0.        ]
 [  0.          14.66076572   0.         -27.22713633   0.           0.
    0.           0.           0.           0.           0.           0.
    0.           0.           0.           0.           0.           0.
    0.           0.           0.           0.           0.           0.
    0.           0.           0.           0.           0.           0.
    0.           0.           0.           0.           0.        ]]


