My SLURM_ARRAY_TASK_ID:  21
Data shape: (10, 21, 4)
Theta shape: (35, 4)
Theta: [[  3.61897084e-01   2.53574643e-01   2.05465332e-02   4.67845767e-01]
 [  2.47969496e-01   4.58924568e-01   3.28922030e-01   2.39586917e-01]
 [  3.08337560e-01   6.72866475e-02   3.44665599e-01   1.57004767e-01]
 [  1.00170801e-01   5.59858550e-02   1.91113697e-01   1.62713106e-01]
 [  1.01317150e-01   3.40573315e-01   1.01552380e-01   1.77581650e-01]
 [  3.11565170e-01   2.12383552e-01   2.16648350e-01   2.22427757e-01]
 [  4.29085223e-01   2.37845725e-01   9.65300320e-02   2.58469972e-01]
 [  2.92227589e-01   2.54741327e-02   3.24140877e-01   3.46074393e-01]
 [  2.99867412e-01   1.93976182e-03   2.47442500e-01   2.06183145e-01]
 [  2.56958174e-01   2.76369631e-01   4.12724565e-01   3.22487982e-01]
 [  3.00806945e-01   2.67368574e-01   1.39428563e-05   2.09175460e-01]
 [  3.99854385e-01   3.34315243e-01   2.78007475e-01   4.02784921e-01]
 [  4.87510441e-01   4.25561634e-01   4.75544446e-01   2.20653541e-01]
 [  1.44480192e-01   2.06410993e-01   5.67377125e-02   1.98973194e-01]
 [  1.44841922e-01   3.97528393e-01   2.75748818e-02   7.56807468e-02]
 [  1.63720996e-01   4.54604183e-01   1.44169596e-01   1.80702619e-01]
 [  2.94373440e-01   2.53563214e-01   3.93429674e-01   8.22345695e-02]
 [  2.03270628e-01   3.60173463e-01   3.31221234e-01   4.45746381e-02]
 [  4.70200692e-01   1.47662047e-01   4.99387239e-01   2.14811083e-01]
 [  4.51127822e-01   3.16569106e-01   3.64402167e-02   3.02418467e-01]
 [  3.10220404e-01   4.40202231e-01   4.26140177e-01   2.04002566e-01]
 [  2.92784184e-01   1.91253078e-01   3.35646953e-01   2.61761174e-01]
 [  3.79680137e-01   3.18154894e-01   4.65222423e-01   2.68145452e-01]
 [  4.50590592e-01   4.19878447e-01   1.94916268e-01   9.45271164e-02]
 [  4.82559788e-01   3.53929423e-01   2.59458233e-01   4.79875148e-03]
 [  4.30222168e-01   4.95022825e-01   4.98973977e-01   4.08465061e-01]
 [  1.89127851e-01   7.42013120e-02   8.20875321e-02   4.28011044e-01]
 [  4.47560815e-01   3.26594746e-01   2.86307943e-01   1.43573458e-01]
 [  3.92362559e-01   4.73189538e-01   4.70256061e-01   7.75625662e-02]
 [  2.61045684e-02   2.07817768e-01   4.85728883e-01   4.70265248e-01]
 [  9.60866210e-02   2.66256158e-01   2.19602187e-01   3.49878188e-01]
 [  2.96341232e-01   4.14828362e-01   7.63877183e-02   3.32565211e-02]
 [  2.76574794e-01   1.81892852e-01   2.84368400e-02   1.43735188e-01]
 [  4.47629601e-01   1.90578410e-01   4.70161941e-01   2.03351420e-01]
 [  5.51097451e-02   4.51245142e-02   4.64209121e-01   2.87812870e-01]]
1
31.0644349897
[[  1.91971240e+00  -1.92024801e+00  -9.63878381e-01   5.66683339e+00]
 [ -2.92435495e+01  -1.65256344e+02   7.18499041e+00   6.42823254e+01]
 [  9.10647087e+00   1.62672332e+00  -2.36422331e+00  -1.51229483e+00]
 [  2.11740041e+01   5.28334816e+01  -1.27173767e+01  -2.94069428e+01]
 [ -2.72593344e+00   3.56591257e+01   5.48419243e+00  -1.95129663e+01]
 [  4.58730098e-01  -5.75946290e+00  -1.15873998e+00   9.58815883e+00]
 [  1.03716157e+00  -3.58386754e+00  -5.54701822e-01   2.77685404e+00]
 [  1.51879323e-01  -1.74167156e+00  -2.70552979e-02   4.05478360e-01]
 [ -4.86972021e+00  -3.86857011e+00   1.69912054e+00   1.36273890e+00]
 [  1.14385356e+00  -2.46033330e+00   0.00000000e+00   3.91968599e-01]
 [  2.22121031e+00   5.35695733e+00  -1.09578345e-01  -2.17799168e+00]
 [  1.79708518e+00  -2.78926415e+00   3.62122630e-01   4.46713827e+00]
 [ -2.23826500e-01  -1.82162030e+00   2.22261577e-01   6.80676614e-01]
 [  1.97662435e+00  -9.31651905e+00  -1.20661131e+00   1.78023711e+00]
 [ -5.54763270e-01  -2.18465979e+00   1.02467720e-01   1.42748443e+00]
 [ -1.06707348e+01  -8.69702942e+01   7.97740206e-01   3.48145277e+01]
 [  2.26175036e+00   6.31910547e+00  -2.07888281e+00  -3.10062201e+00]
 [ -2.12577148e+00  -6.72317629e+00   3.55289416e-01   2.30070570e+00]
 [ -1.79553289e-01  -2.50812295e+00  -2.77919130e-01   4.00318160e-01]
 [  7.35360324e-01   8.28097636e+00  -1.94667399e+00   2.75110468e+00]
 [  2.33604682e-01  -1.07770558e+01  -8.79060993e-02   5.26703272e+00]
 [  1.33849815e+00   4.51945040e+00  -5.49703359e-01  -4.86985203e-01]
 [ -2.56377558e+01  -6.70494286e+01   9.96383330e+00   3.54774061e+01]
 [  7.00570411e+00   1.35803387e+00  -3.35120498e+00   9.02351846e-01]
 [  1.82614980e+01   3.62542884e+01  -8.24677056e+00  -8.32131393e+00]
 [ -4.71579942e+00   3.98063731e+01   2.43325375e+00  -2.19446686e+01]
 [ -3.76202180e+00  -1.24114666e+01   1.61033950e+00   4.40273387e+00]
 [  3.55917265e-01  -6.26618994e-01  -4.27085602e-01  -8.00185078e-01]
 [  3.95150374e-01  -6.12567086e+00  -1.22192226e+00   1.54067593e+00]
 [  9.95701443e-01  -7.46400567e-01   8.73914787e-02   6.39750613e-01]
 [ -1.61004432e+00   1.13436521e+01  -1.40986781e+00  -2.48193060e+00]
 [ -1.97759435e+00  -1.96179182e+01   9.15734438e-01   7.17379289e+00]
 [  1.41065148e+00   5.14481789e-01  -5.62020139e-01  -1.45958452e+00]
 [  1.21007993e+00   4.78975648e+00  -1.30989463e+00  -1.83648018e+00]
 [ -1.27614643e+00   3.45234744e+00   1.42428252e-01  -4.14278610e+00]]
2
Finished successfully!, number of iterations:  2
0.0257371834326
[[  1.88477220e+00  -2.04558257e+00  -8.62500301e-01   5.67892137e+00]
 [ -3.01444935e+01  -1.66067635e+02   7.07679286e+00   6.41785742e+01]
 [  9.12003899e+00   1.60561032e+00  -2.39486389e+00  -1.45503804e+00]
 [  2.18414703e+01   5.13928141e+01  -1.34012322e+01  -2.71803123e+01]
 [ -2.81985270e+00   3.51378516e+01   5.44984435e+00  -1.95796857e+01]
 [  4.10397435e-01  -5.83377729e+00  -1.10473036e+00   9.77040694e+00]
 [  1.12662527e+00  -3.65745714e+00  -4.89737417e-01   2.80183597e+00]
 [  1.67530697e-01  -1.76544340e+00  -1.47425157e-02   4.14059991e-01]
 [ -4.80896516e+00  -3.24802174e+00   1.62258962e+00   1.05453554e+00]
 [  1.09006308e+00  -2.57623358e+00   1.50063633e-02   4.92223679e-01]
 [  2.21500367e+00   5.32524067e+00  -3.91804393e-02  -2.40528480e+00]
 [  1.87615377e+00  -3.07262766e+00   4.65159164e-01   4.64080101e+00]
 [ -2.03961449e-01  -1.87101076e+00   2.44878701e-01   6.81710295e-01]
 [  2.07049268e+00  -9.44389882e+00  -1.21483611e+00   1.88704215e+00]
 [ -5.60696320e-01  -2.30935314e+00   1.42822687e-01   1.39025790e+00]
 [ -1.11114339e+01  -8.76169152e+01   6.85027798e-01   3.49062623e+01]
 [  2.31043425e+00   6.83881582e+00  -2.09851631e+00  -3.41056451e+00]
 [ -2.19708807e+00  -6.62295264e+00   3.35897934e-01   2.34937440e+00]
 [ -1.73815982e-01  -2.52459207e+00  -2.73776788e-01   4.33496970e-01]
 [  8.41991310e-01   9.07744278e+00  -2.23544105e+00   2.83051432e+00]
 [  3.28104003e-01  -1.13768757e+01   0.00000000e+00   5.40486624e+00]
 [  1.44287624e+00   4.50508116e+00  -4.71889276e-01  -5.19195546e-01]
 [ -2.63017822e+01  -6.70283766e+01   1.01442104e+01   3.50496131e+01]
 [  7.06560306e+00   8.24620695e-01  -3.27974500e+00   1.27529848e+00]
 [  1.87877690e+01   3.42762378e+01  -8.74632137e+00  -6.15385412e+00]
 [ -4.69475584e+00   3.99126794e+01   2.27175734e+00  -2.22247212e+01]
 [ -3.74660190e+00  -1.21841555e+01   1.53840453e+00   4.35489218e+00]
 [  3.59828940e-01  -6.67046204e-01  -4.06799408e-01  -7.80122630e-01]
 [  6.62547591e-01  -5.23013264e+00  -1.17922454e+00   1.10633650e+00]
 [  9.97967942e-01  -1.01131032e+00   1.70884039e-01   7.79548337e-01]
 [ -1.70438868e+00   1.03537458e+01  -1.26969869e+00  -2.25034511e+00]
 [ -1.94866817e+00  -1.95110368e+01   9.17023567e-01   7.12885500e+00]
 [  1.44228410e+00   4.71821504e-01  -5.32534842e-01  -1.48246441e+00]
 [  1.21464832e+00   4.64082451e+00  -1.30684990e+00  -1.60499195e+00]
 [ -1.31977865e+00   3.47798990e+00   1.42771464e-01  -4.22872660e+00]]
Time taken for 4D timepoints exp:  9.606677055358887 , number of time points:  21
Avg AR burnin:  0.242 , Avg AR sampling:  0.0595

 Estimated ordinary:  [[  4.87560584e-02   7.94794178e-01   2.67891318e-01  -5.79846789e-01
    4.88125097e-01   4.61859383e-02   1.79307981e-01   1.88538275e-02
   -7.65370576e-01   1.73488927e-01   2.49275493e-01   2.98599147e-01
   -3.24614729e-02   3.29529144e-01  -6.31005056e-02  -7.21962454e-01
    2.60015207e-01  -2.47259280e-01  -1.12936471e-02   9.47573144e-02
    5.22193739e-02   1.62380628e-01  -2.95999046e+00   7.95159715e-01
    1.22073028e+00  -5.28345661e-01  -5.96290212e-01   4.04949832e-02
    1.05447724e-01   1.58831531e-01  -1.91811117e-01  -2.19302219e-01
    1.62313989e-01   1.36695962e-01  -8.57522658e-02]
 [  1.90241625e-01   1.13262193e+00  -1.67893282e-01  -5.52695087e-01
   -6.67472899e-01  -6.56530610e-01  -5.82102382e-01  -1.98682187e-01
   -5.16938716e-01  -4.10020309e-01   5.99300133e-01  -4.89023881e-01
   -2.97780611e-01  -1.50304318e+00  -2.59893539e-01  -5.69288571e+00
    7.69637183e-01  -7.45344040e-01  -1.64034696e-01   1.02157123e+00
   -1.81068600e+00   5.06999759e-01  -7.54334264e+00   9.28024333e-02
    2.22708941e+00   4.49175456e+00  -1.93916857e+00  -7.50690726e-02
   -8.32401462e-01  -1.60955037e-01   1.16520578e+00  -2.19576310e+00
    5.30985748e-02   5.22276253e-01   2.25981467e-01]
 [ -2.29500757e-02  -2.89849909e-01   3.37409572e-01   2.37513370e-02
    7.72549854e-01  -1.24325846e-01  -7.79441307e-02  -1.65911593e-03
    2.58243159e-01   2.38833689e-03  -4.40934860e-03   7.40323802e-02
    3.89736557e-02  -1.93347172e-01   1.60731994e-02   4.45094986e-02
   -2.36166059e-01   3.78017988e-02  -1.77885738e-02  -2.51575506e-01
    0.00000000e+00  -5.31062018e-02   1.14162477e+00  -3.69100992e-01
   -5.68289900e-01   2.55662525e-01   2.44844686e-01  -4.57810180e-02
   -1.87679415e-01   2.71970395e-02  -1.42891306e-01   1.03201410e-01
   -5.99312259e-02  -1.47072285e-01   9.27653785e-03]
 [ -1.28096152e-01  -1.60088083e+00   9.10621708e-02  -3.20583566e+00
    5.50284717e-01   1.09955710e+00   4.45926044e-01   4.65981208e-02
    1.67834544e-01   7.83398316e-02  -2.70689644e-01   7.38606421e-01
    1.08497563e-01   3.00332087e-01   1.56458984e-01   2.26802509e+00
   -3.83823359e-01   2.64397514e-01   2.81663501e-02   3.18544778e-01
    8.60211179e-01  -5.84300277e-02   3.94446732e+00   1.43521503e-01
   -3.99845031e-01  -2.50115989e+00   6.93102617e-01  -8.77946416e-02
    1.76078923e-01   1.24068971e-01  -2.53252803e-01   8.02278060e-01
   -1.66835862e-01  -1.80625055e-01  -2.74760384e-01]] 
 True ordinary:  [[ 0.          0.          1.          0.          0.          0.          0.
   0.          0.          0.          0.          0.          0.          0.
   0.          0.          0.          0.          0.          0.          0.
   0.          0.          0.          0.          0.          0.          0.
   0.          0.          0.          0.          0.          0.          0.        ]
 [ 0.         -8.5         0.          3.5         0.          0.          0.
   0.          0.          0.          0.          0.          0.          0.
   0.          0.          0.          0.          0.          0.          0.
   0.          0.          0.          0.          0.          0.          0.
   0.          0.          0.          0.          0.          0.          0.        ]
 [ 0.          0.          0.          0.          1.          0.          0.
   0.          0.          0.          0.          0.          0.          0.
   0.          0.          0.          0.          0.          0.          0.
   0.          0.          0.          0.          0.          0.          0.
   0.          0.          0.          0.          0.          0.          0.        ]
 [ 0.          2.33333333  0.         -4.33333333  0.          0.          0.
   0.          0.          0.          0.          0.          0.          0.
   0.          0.          0.          0.          0.          0.          0.
   0.          0.          0.          0.          0.          0.          0.
   0.          0.          0.          0.          0.          0.          0.        ]]

 Estimated hermite:  [[  1.88477220e+00  -3.01444935e+01   9.12003899e+00   2.18414703e+01
   -2.81985270e+00   4.10397435e-01   1.12662527e+00   1.67530697e-01
   -4.80896516e+00   1.09006308e+00   2.21500367e+00   1.87615377e+00
   -2.03961449e-01   2.07049268e+00  -5.60696320e-01  -1.11114339e+01
    2.31043425e+00  -2.19708807e+00  -1.73815982e-01   8.41991310e-01
    3.28104003e-01   1.44287624e+00  -2.63017822e+01   7.06560306e+00
    1.87877690e+01  -4.69475584e+00  -3.74660190e+00   3.59828940e-01
    6.62547591e-01   9.97967942e-01  -1.70438868e+00  -1.94866817e+00
    1.44228410e+00   1.21464832e+00  -1.31977865e+00]
 [ -2.04558257e+00  -1.66067635e+02   1.60561032e+00   5.13928141e+01
    3.51378516e+01  -5.83377729e+00  -3.65745714e+00  -1.76544340e+00
   -3.24802174e+00  -2.57623358e+00   5.32524067e+00  -3.07262766e+00
   -1.87101076e+00  -9.44389882e+00  -2.30935314e+00  -8.76169152e+01
    6.83881582e+00  -6.62295264e+00  -2.52459207e+00   9.07744278e+00
   -1.13768757e+01   4.50508116e+00  -6.70283766e+01   8.24620695e-01
    3.42762378e+01   3.99126794e+01  -1.21841555e+01  -6.67046204e-01
   -5.23013264e+00  -1.01131032e+00   1.03537458e+01  -1.95110368e+01
    4.71821504e-01   4.64082451e+00   3.47798990e+00]
 [ -8.62500301e-01   7.07679286e+00  -2.39486389e+00  -1.34012322e+01
    5.44984435e+00  -1.10473036e+00  -4.89737417e-01  -1.47425157e-02
    1.62258962e+00   1.50063633e-02  -3.91804393e-02   4.65159164e-01
    2.44878701e-01  -1.21483611e+00   1.42822687e-01   6.85027798e-01
   -2.09851631e+00   3.35897934e-01  -2.73776788e-01  -2.23544105e+00
    0.00000000e+00  -4.71889276e-01   1.01442104e+01  -3.27974500e+00
   -8.74632137e+00   2.27175734e+00   1.53840453e+00  -4.06799408e-01
   -1.17922454e+00   1.70884039e-01  -1.26969869e+00   9.17023567e-01
   -5.32534842e-01  -1.30684990e+00   1.42771464e-01]
 [  5.67892137e+00   6.41785742e+01  -1.45503804e+00  -2.71803123e+01
   -1.95796857e+01   9.77040694e+00   2.80183597e+00   4.14059991e-01
    1.05453554e+00   4.92223679e-01  -2.40528480e+00   4.64080101e+00
    6.81710295e-01   1.88704215e+00   1.39025790e+00   3.49062623e+01
   -3.41056451e+00   2.34937440e+00   4.33496970e-01   2.83051432e+00
    5.40486624e+00  -5.19195546e-01   3.50496131e+01   1.27529848e+00
   -6.15385412e+00  -2.22247212e+01   4.35489218e+00  -7.80122630e-01
    1.10633650e+00   7.79548337e-01  -2.25034511e+00   7.12885500e+00
   -1.48246441e+00  -1.60499195e+00  -4.22872660e+00]] 
 True hermite:  [[  0.           0.           6.28318531   0.           0.           0.
    0.           0.           0.           0.           0.           0.
    0.           0.           0.           0.           0.           0.
    0.           0.           0.           0.           0.           0.
    0.           0.           0.           0.           0.           0.
    0.           0.           0.           0.           0.        ]
 [  0.         -53.40707511   0.          21.99114858   0.           0.
    0.           0.           0.           0.           0.           0.
    0.           0.           0.           0.           0.           0.
    0.           0.           0.           0.           0.           0.
    0.           0.           0.           0.           0.           0.
    0.           0.           0.           0.           0.        ]
 [  0.           0.           0.           0.           6.28318531   0.
    0.           0.           0.           0.           0.           0.
    0.           0.           0.           0.           0.           0.
    0.           0.           0.           0.           0.           0.
    0.           0.           0.           0.           0.           0.
    0.           0.           0.           0.           0.        ]
 [  0.          14.66076572   0.         -27.22713633   0.           0.
    0.           0.           0.           0.           0.           0.
    0.           0.           0.           0.           0.           0.
    0.           0.           0.           0.           0.           0.
    0.           0.           0.           0.           0.           0.
    0.           0.           0.           0.           0.        ]]


