My SLURM_ARRAY_TASK_ID:  71
Data shape: (10, 71, 4)
Theta shape: (35, 4)
Theta: [[ 0.21430176  0.44856057  0.38180349  0.23242648]
 [ 0.32108603  0.49452209  0.0247219   0.09965116]
 [ 0.47479451  0.46809811  0.33046344  0.39671569]
 [ 0.12730063  0.05256856  0.1971237   0.28243097]
 [ 0.29002903  0.24326559  0.23987918  0.18634645]
 [ 0.03172254  0.00328445  0.1814305   0.08176847]
 [ 0.17341235  0.38673957  0.41393837  0.29329425]
 [ 0.2067974   0.12044763  0.34946967  0.11176662]
 [ 0.27405085  0.44308813  0.11551961  0.25279389]
 [ 0.48721629  0.0693764   0.285094    0.41551204]
 [ 0.43732323  0.24380455  0.00418067  0.1293029 ]
 [ 0.32439903  0.43450935  0.35887159  0.1387621 ]
 [ 0.15875939  0.08788338  0.11551549  0.19910946]
 [ 0.44107254  0.22338266  0.37432381  0.16103231]
 [ 0.4012683   0.24190361  0.07011911  0.25497074]
 [ 0.07194296  0.48580923  0.2784458   0.04917308]
 [ 0.33272319  0.17735242  0.04760075  0.48128265]
 [ 0.43798215  0.21557604  0.17621662  0.34425149]
 [ 0.03911     0.47663212  0.16198609  0.46555117]
 [ 0.32869426  0.38902339  0.08706457  0.1295181 ]
 [ 0.06274105  0.47056175  0.39943564  0.39276017]
 [ 0.09075107  0.26693835  0.26807332  0.04588609]
 [ 0.24407029  0.25582283  0.13763543  0.06426711]
 [ 0.3781419   0.16124637  0.14321574  0.24965313]
 [ 0.14826437  0.38906573  0.06894529  0.17310465]
 [ 0.09774331  0.43873356  0.26975879  0.43347514]
 [ 0.17862289  0.18970005  0.42856098  0.38994124]
 [ 0.07106286  0.1479664   0.2679696   0.02037317]
 [ 0.25615448  0.46139246  0.2035403   0.22344415]
 [ 0.04309268  0.30063232  0.17879452  0.1519887 ]
 [ 0.30196477  0.04154276  0.18229011  0.2064425 ]
 [ 0.28849147  0.04523125  0.03816862  0.45956449]
 [ 0.08411734  0.4610842   0.48344302  0.11335328]
 [ 0.45611446  0.38925246  0.32073244  0.32516289]
 [ 0.37372242  0.1093169   0.33568645  0.04305071]]
1
8.64133084512
[[  8.60547010e-01  -1.90297863e+00   9.09735703e-02   3.25396672e-01]
 [ -6.47275666e+00  -4.04285762e+01   7.86689581e-01   6.25222240e+00]
 [  6.90350115e+00  -5.74505643e+00  -1.04661731e+00   2.12829342e+00]
 [  3.25649976e+00  -5.76195051e+00  -3.85889777e+00  -9.12583799e+00]
 [ -5.30137509e-01   1.76901491e+00   6.61443522e+00  -1.78100418e+00]
 [  2.34467269e+00  -1.15394096e+00  -8.61878008e-01   1.85693016e-01]
 [ -9.21090255e-01  -2.66364477e+00   4.95979978e-01   9.73888951e-01]
 [  2.88750929e-02   1.18164141e+00  -1.04551797e-01  -5.16905321e-01]
 [  5.22854231e-01   5.05396933e+00  -7.03841181e-01  -1.19326907e+00]
 [  9.66045941e-01  -2.48845300e+00  -6.57987249e-01   9.39278648e-01]
 [ -5.84697501e-01  -1.02508906e-01   7.28150786e-01  -6.18087562e-01]
 [  1.57937635e-01  -5.21969232e-01   1.12026239e-01   0.00000000e+00]
 [  4.10255203e-02   5.26345918e-01  -3.89305598e-02  -3.85538722e-01]
 [ -5.98267597e-01  -3.20362969e+00   2.36741668e-01   1.74902307e+00]
 [ -3.11109877e-01  -6.00927912e-01   3.91485178e-01   5.06042895e-01]
 [ -4.94316619e+00   1.38573991e+01   1.38782337e+00  -6.82818225e+00]
 [  2.27035416e+00  -1.99717057e+00  -1.50322654e+00   6.40992489e-01]
 [ -2.57180534e-01   1.08013393e+00   7.27196526e-02  -9.46339403e-01]
 [  2.68856687e-01  -5.62435391e-01  -2.36811202e-01   2.07773612e-01]
 [ -1.42504666e+00  -7.50232635e+00  -8.62633977e-01   4.52833962e+00]
 [ -9.15538740e-01  -2.05029255e+00   1.47430830e-01   1.04937753e+00]
 [  6.20739155e-01   2.48690891e-01  -3.97800292e-01   1.29539097e-01]
 [  6.46379429e-02  -2.06445073e+00  -1.08447585e+00  -1.73066581e+00]
 [  1.55087237e-01  -5.58489257e+00  -9.12620794e-01   2.44482278e+00]
 [  3.73999195e+00  -2.45374876e+01  -2.50767009e+00   1.61887295e+01]
 [ -1.38304773e+00   5.19395650e-01   4.86296777e-01  -6.34201698e-01]
 [ -6.09566543e-01   1.23765213e+00  -1.37896981e-01  -1.80694428e+00]
 [ -1.76964386e-02  -4.69516214e-01  -1.46605424e-01   1.65019513e-01]
 [ -2.77012806e+00   2.94862383e-01   7.03461834e-01  -8.65092496e-01]
 [ -5.15983313e-01  -1.77205455e+00   4.37030169e-01   7.35411959e-01]
 [  5.24611784e-01   1.09943623e+00   5.74192036e-01  -4.24862119e-01]
 [ -1.33960353e+00   8.53475236e-01  -4.81150431e-02  -2.07168301e+00]
 [ -5.92057692e-01  -9.02737136e-01  -5.69070713e-02   1.47722830e-01]
 [  1.17414420e+00  -1.61509173e+00  -9.08622648e-01   2.45269645e-01]
 [ -9.48018688e-01   5.04752752e-01   2.68903978e-01  -5.56185827e-01]]
2
Finished successfully!, number of iterations:  2
0.0254923824417
[[  8.65871911e-01  -1.86394348e+00   1.24524638e-01   3.06542390e-01]
 [ -6.76208496e+00  -4.08249731e+01   7.58623376e-01   6.58978435e+00]
 [  6.94534414e+00  -5.92083016e+00  -1.03823734e+00   2.18958611e+00]
 [  3.36180757e+00  -5.71364455e+00  -3.88745138e+00  -8.99105190e+00]
 [ -5.11430946e-01   1.84950642e+00   6.65171720e+00  -1.88345804e+00]
 [  2.37184932e+00  -1.14078236e+00  -8.24070827e-01   2.41499801e-01]
 [ -9.49246699e-01  -2.67333652e+00   5.21211276e-01   9.84517622e-01]
 [  3.01238309e-02   1.21585916e+00  -1.05759183e-01  -5.26233099e-01]
 [  5.17779324e-01   5.02417062e+00  -7.79020941e-01  -1.19537349e+00]
 [  9.87498403e-01  -2.54301466e+00  -6.36906100e-01   9.69028097e-01]
 [ -6.09062170e-01  -3.41556126e-02   7.37084792e-01  -6.91018725e-01]
 [  1.68954446e-01  -4.67023247e-01   1.42650718e-01   0.00000000e+00]
 [  4.29523865e-02   5.64684518e-01  -3.07121499e-02  -4.06906894e-01]
 [ -5.96736223e-01  -3.31826734e+00   2.29415425e-01   1.80628819e+00]
 [ -3.08024008e-01  -5.64471160e-01   3.95022570e-01   4.73976868e-01]
 [ -5.10960178e+00   1.39045478e+01   1.38089197e+00  -6.66138669e+00]
 [  2.41893954e+00  -2.12035150e+00  -1.51312271e+00   6.45202723e-01]
 [ -2.59105913e-01   1.04540113e+00   8.19064332e-02  -9.18199977e-01]
 [  2.81596686e-01  -5.64229234e-01  -2.21014751e-01   2.12986982e-01]
 [ -1.34630341e+00  -7.74038512e+00  -9.39541904e-01   4.66497859e+00]
 [ -9.51931277e-01  -2.06253244e+00   2.26017337e-01   1.06152268e+00]
 [  6.32876331e-01   3.23656509e-01  -3.92863075e-01   9.65799618e-02]
 [ -1.59539216e-01  -2.49028981e+00  -1.06936549e+00  -1.53573870e+00]
 [  1.43548333e-01  -5.68778167e+00  -8.65845074e-01   2.49570401e+00]
 [  3.81933116e+00  -2.44632875e+01  -2.50531370e+00   1.62675482e+01]
 [ -1.39424156e+00   4.98218343e-01   4.97101828e-01  -7.14578517e-01]
 [ -5.97577278e-01   1.18199276e+00  -1.44201190e-01  -1.75684896e+00]
 [  0.00000000e+00  -5.02197448e-01  -1.37812914e-01   1.84166165e-01]
 [ -2.76151392e+00   3.31133494e-01   6.80215928e-01  -8.53264515e-01]
 [ -5.07855067e-01  -1.71097071e+00   4.57065079e-01   7.14266140e-01]
 [  5.19608198e-01   1.23719492e+00   6.17194651e-01  -5.05123354e-01]
 [ -1.34738256e+00   6.39701149e-01  -4.70576233e-02  -1.88682633e+00]
 [ -5.75150381e-01  -9.42139644e-01  -4.26973383e-02   1.54883220e-01]
 [  1.16984139e+00  -1.58363180e+00  -8.62110957e-01   2.58601263e-01]
 [ -9.34665928e-01   4.95944758e-01   2.78575382e-01  -5.80475270e-01]]
Time taken for 4D timepoints exp:  33.14299464225769 , number of time points:  71
Avg AR burnin:  0.344857142857 , Avg AR sampling:  0.195157142857

 Estimated ordinary:  [[ -2.93007010e-02   1.18513736e-01   8.26841797e-01  -2.60796436e-01
    1.99223081e-01   2.66926830e-01  -1.51077304e-01   3.39012205e-03
    8.24071389e-02   1.57165252e-01  -6.85435762e-02   2.68899352e-02
    6.83608463e-03  -9.49735195e-02  -3.46648800e-02  -3.31995014e-01
    2.72226342e-01  -2.91596601e-02   1.82966696e-02  -1.51512366e-01
   -1.51504568e-01   7.12236108e-02  -1.79544699e-02   1.61548633e-02
    2.48160024e-01  -1.56907303e-01  -9.51073776e-02   0.00000000e+00
   -4.39508591e-01  -8.08276444e-02   5.84764673e-02  -1.51633813e-01
   -6.47271591e-02   1.31653412e-01  -6.07296695e-02]
 [ -2.37735745e-01  -9.11721369e+00   1.52404219e-01   4.87202840e+00
    5.89009128e-02  -1.28383122e-01  -4.25474722e-01   1.36832230e-01
    7.99621588e-01  -4.04733353e-01  -3.84385692e-03  -7.43290583e-02
    8.98723323e-02  -5.28118650e-01  -6.35253244e-02   9.03444288e-01
   -2.38623382e-01   1.17648961e-01  -3.66606440e-02  -8.71099377e-01
   -3.28262233e-01   3.64241545e-02  -2.80256069e-01  -6.40100330e-01
   -1.58949558e+00   5.60692629e-02   1.88119991e-01  -5.65170695e-02
    5.27015325e-02  -2.72309446e-01   1.39233347e-01   7.19916727e-02
   -1.06027962e-01  -1.78221193e-01   3.22238784e-02]
 [ -2.94548833e-03  -3.20065720e-02   1.50373598e-01   1.16608980e-01
    8.94459579e-01  -9.27405514e-02   8.29533509e-02  -1.19020898e-02
   -1.23985034e-01  -1.01366754e-01   8.29511831e-02   2.27035670e-02
   -4.88799048e-03   3.65125990e-02   4.44556581e-02   8.97230875e-02
   -1.70286133e-01   9.21771228e-03  -1.43603746e-02  -1.05735613e-01
    3.59717764e-02  -4.42126295e-02  -1.20345899e-01  -9.74418059e-02
   -1.62782090e-01   5.59436109e-02  -2.29503323e-02  -1.55094019e-02
    1.08259727e-01   7.27441667e-02   6.94588019e-02  -5.29584326e-03
   -4.80513879e-03  -9.70215701e-02   1.81003612e-02]
 [  1.05257282e-01   2.83576992e+00  -6.39395479e-02  -5.16687564e+00
   -7.00742683e-02   2.71782764e-02   1.56690846e-01  -5.92220307e-02
   -1.90249600e-01   1.54225612e-01  -7.77669291e-02   0.00000000e+00
   -6.47612435e-02   2.87479695e-01   5.33411385e-02  -4.32821825e-01
    7.26108173e-02  -1.03333803e-01   1.38387724e-02   5.24994542e-01
    1.68946581e-01   1.08690644e-02  -1.72831326e-01   2.80865380e-01
    1.05697961e+00  -8.04183373e-02  -2.79611196e-01   2.07259754e-02
   -1.35801265e-01   1.13678987e-01  -5.68463497e-02  -2.12342566e-01
    1.74304863e-02   2.91028670e-02  -3.77162260e-02]] 
 True ordinary:  [[ 0.          0.          1.          0.          0.          0.          0.
   0.          0.          0.          0.          0.          0.          0.
   0.          0.          0.          0.          0.          0.          0.
   0.          0.          0.          0.          0.          0.          0.
   0.          0.          0.          0.          0.          0.          0.        ]
 [ 0.         -8.5         0.          3.5         0.          0.          0.
   0.          0.          0.          0.          0.          0.          0.
   0.          0.          0.          0.          0.          0.          0.
   0.          0.          0.          0.          0.          0.          0.
   0.          0.          0.          0.          0.          0.          0.        ]
 [ 0.          0.          0.          0.          1.          0.          0.
   0.          0.          0.          0.          0.          0.          0.
   0.          0.          0.          0.          0.          0.          0.
   0.          0.          0.          0.          0.          0.          0.
   0.          0.          0.          0.          0.          0.          0.        ]
 [ 0.          2.33333333  0.         -4.33333333  0.          0.          0.
   0.          0.          0.          0.          0.          0.          0.
   0.          0.          0.          0.          0.          0.          0.
   0.          0.          0.          0.          0.          0.          0.
   0.          0.          0.          0.          0.          0.          0.        ]]

 Estimated hermite:  [[  8.65871911e-01  -6.76208496e+00   6.94534414e+00   3.36180757e+00
   -5.11430946e-01   2.37184932e+00  -9.49246699e-01   3.01238309e-02
    5.17779324e-01   9.87498403e-01  -6.09062170e-01   1.68954446e-01
    4.29523865e-02  -5.96736223e-01  -3.08024008e-01  -5.10960178e+00
    2.41893954e+00  -2.59105913e-01   2.81596686e-01  -1.34630341e+00
   -9.51931277e-01   6.32876331e-01  -1.59539216e-01   1.43548333e-01
    3.81933116e+00  -1.39424156e+00  -5.97577278e-01   0.00000000e+00
   -2.76151392e+00  -5.07855067e-01   5.19608198e-01  -1.34738256e+00
   -5.75150381e-01   1.16984139e+00  -9.34665928e-01]
 [ -1.86394348e+00  -4.08249731e+01  -5.92083016e+00  -5.71364455e+00
    1.84950642e+00  -1.14078236e+00  -2.67333652e+00   1.21585916e+00
    5.02417062e+00  -2.54301466e+00  -3.41556126e-02  -4.67023247e-01
    5.64684518e-01  -3.31826734e+00  -5.64471160e-01   1.39045478e+01
   -2.12035150e+00   1.04540113e+00  -5.64229234e-01  -7.74038512e+00
   -2.06253244e+00   3.23656509e-01  -2.49028981e+00  -5.68778167e+00
   -2.44632875e+01   4.98218343e-01   1.18199276e+00  -5.02197448e-01
    3.31133494e-01  -1.71097071e+00   1.23719492e+00   6.39701149e-01
   -9.42139644e-01  -1.58363180e+00   4.95944758e-01]
 [  1.24524638e-01   7.58623376e-01  -1.03823734e+00  -3.88745138e+00
    6.65171720e+00  -8.24070827e-01   5.21211276e-01  -1.05759183e-01
   -7.79020941e-01  -6.36906100e-01   7.37084792e-01   1.42650718e-01
   -3.07121499e-02   2.29415425e-01   3.95022570e-01   1.38089197e+00
   -1.51312271e+00   8.19064332e-02  -2.21014751e-01  -9.39541904e-01
    2.26017337e-01  -3.92863075e-01  -1.06936549e+00  -8.65845074e-01
   -2.50531370e+00   4.97101828e-01  -1.44201190e-01  -1.37812914e-01
    6.80215928e-01   4.57065079e-01   6.17194651e-01  -4.70576233e-02
   -4.26973383e-02  -8.62110957e-01   2.78575382e-01]
 [  3.06542390e-01   6.58978435e+00   2.18958611e+00  -8.99105190e+00
   -1.88345804e+00   2.41499801e-01   9.84517622e-01  -5.26233099e-01
   -1.19537349e+00   9.69028097e-01  -6.91018725e-01   0.00000000e+00
   -4.06906894e-01   1.80628819e+00   4.73976868e-01  -6.66138669e+00
    6.45202723e-01  -9.18199977e-01   2.12986982e-01   4.66497859e+00
    1.06152268e+00   9.65799618e-02  -1.53573870e+00   2.49570401e+00
    1.62675482e+01  -7.14578517e-01  -1.75684896e+00   1.84166165e-01
   -8.53264515e-01   7.14266140e-01  -5.05123354e-01  -1.88682633e+00
    1.54883220e-01   2.58601263e-01  -5.80475270e-01]] 
 True hermite:  [[  0.           0.           6.28318531   0.           0.           0.
    0.           0.           0.           0.           0.           0.
    0.           0.           0.           0.           0.           0.
    0.           0.           0.           0.           0.           0.
    0.           0.           0.           0.           0.           0.
    0.           0.           0.           0.           0.        ]
 [  0.         -53.40707511   0.          21.99114858   0.           0.
    0.           0.           0.           0.           0.           0.
    0.           0.           0.           0.           0.           0.
    0.           0.           0.           0.           0.           0.
    0.           0.           0.           0.           0.           0.
    0.           0.           0.           0.           0.        ]
 [  0.           0.           0.           0.           6.28318531   0.
    0.           0.           0.           0.           0.           0.
    0.           0.           0.           0.           0.           0.
    0.           0.           0.           0.           0.           0.
    0.           0.           0.           0.           0.           0.
    0.           0.           0.           0.           0.        ]
 [  0.          14.66076572   0.         -27.22713633   0.           0.
    0.           0.           0.           0.           0.           0.
    0.           0.           0.           0.           0.           0.
    0.           0.           0.           0.           0.           0.
    0.           0.           0.           0.           0.           0.
    0.           0.           0.           0.           0.        ]]


