My SLURM_ARRAY_TASK_ID:  101
Data shape: (10, 101, 4)
Theta shape: (35, 4)
Theta: [[ 0.27128146  0.0158798   0.29418279  0.02968272]
 [ 0.40459139  0.13867596  0.06652427  0.01496542]
 [ 0.18293605  0.2239714   0.14791764  0.06050769]
 [ 0.09963814  0.46192082  0.40080684  0.11727695]
 [ 0.17493478  0.35616889  0.30439207  0.05757303]
 [ 0.16383591  0.38850164  0.05571835  0.42354372]
 [ 0.08458956  0.27906677  0.2021547   0.0322603 ]
 [ 0.05547826  0.13694714  0.08849493  0.15568805]
 [ 0.18747221  0.42936814  0.19540679  0.00267008]
 [ 0.21025449  0.05151051  0.06633987  0.06680468]
 [ 0.13075993  0.03405915  0.30534674  0.24081228]
 [ 0.29778837  0.3953036   0.40337073  0.37220464]
 [ 0.2627242   0.39966634  0.21383339  0.12733114]
 [ 0.20308094  0.3289961   0.28403792  0.49433978]
 [ 0.42990461  0.19424228  0.05854029  0.15787569]
 [ 0.33664871  0.03344387  0.11311069  0.16822868]
 [ 0.35419461  0.36409446  0.4301104   0.12081419]
 [ 0.49733282  0.16520858  0.15963043  0.34229495]
 [ 0.01430943  0.05926965  0.45311656  0.16617662]
 [ 0.25488031  0.00146169  0.34049005  0.47780725]
 [ 0.18598353  0.36047277  0.36919171  0.45040565]
 [ 0.28472772  0.42741518  0.16243349  0.36132809]
 [ 0.49188111  0.14355858  0.08850626  0.07257036]
 [ 0.2211806   0.46861344  0.03658433  0.0706488 ]
 [ 0.0587744   0.29952695  0.20048737  0.28192121]
 [ 0.37115378  0.24013751  0.00191364  0.36814573]
 [ 0.01856174  0.21312155  0.37553266  0.32330186]
 [ 0.13823435  0.30857093  0.34695729  0.06232229]
 [ 0.31681591  0.18730691  0.05665339  0.32949384]
 [ 0.03107409  0.22941076  0.00800118  0.35553039]
 [ 0.17653311  0.36653115  0.47873201  0.14441568]
 [ 0.37864284  0.1491469   0.11310015  0.01963691]
 [ 0.26043473  0.06936769  0.38751763  0.07897202]
 [ 0.42664637  0.38126982  0.37803357  0.02987851]
 [ 0.30328719  0.48579515  0.43228273  0.12441733]]
1
6.95686236311
[[ -1.20748953e-01   9.85832792e-01  -1.79437067e-02  -3.09891876e-01]
 [ -1.69307540e+00  -5.49347570e+01   3.76442621e-01   1.54589681e+01]
 [  5.86557193e+00  -2.57621366e+00   1.79537465e-01   9.97142188e-01]
 [  9.13891175e-01   2.69262412e+01  -1.07753741e+00  -2.90084656e+01]
 [  1.95929584e-01   1.99569549e+00   6.05892536e+00  -1.36343539e+00]
 [ -2.30226410e-01   1.73702034e+00  -2.22369335e-01  -6.89617182e-01]
 [  1.83372287e-01  -9.51231608e-01  -1.23775324e-01   3.64254552e-01]
 [  0.00000000e+00  -8.18881247e-02   3.05720784e-02   4.35028900e-02]
 [ -3.84691261e-01  -4.82398641e-01   2.39757850e-02   1.90998592e-01]
 [ -1.86947843e-01   2.32701838e-01   1.47336924e-02  -7.37348330e-02]
 [  5.38915704e-02  -3.30436201e-01   1.79093795e-01   3.13201250e-01]
 [ -2.72579255e-02  -3.11946770e-01  -6.41107426e-02   4.90928054e-02]
 [  4.66268978e-02   5.48727222e-02   0.00000000e+00   1.62866249e-02]
 [ -1.40510634e-01   2.73618352e-01   1.30062979e-01   0.00000000e+00]
 [  9.71049931e-02   2.19292043e-01  -3.71182941e-02  -1.24288849e-01]
 [ -8.99523064e-01   1.46973440e+00   2.16292801e-01  -3.34953227e-01]
 [ -1.32681752e-01  -2.36211866e+00   1.96645797e-01   1.10180596e+00]
 [ -1.14939461e-01   6.86533161e-01   3.17701562e-02  -2.24681564e-01]
 [ -7.96426699e-02  -4.56594697e-01   0.00000000e+00   1.54227706e-01]
 [ -8.31546014e-01   4.00527245e+00   1.54793807e-01  -1.70412089e+00]
 [  2.48152931e-01  -4.70275921e-01  -2.10731415e-01   0.00000000e+00]
 [ -5.62125100e-02  -1.10649074e+00   0.00000000e+00   4.12032589e-01]
 [  1.56594122e-01  -5.65499000e+00  -7.45061151e-02   2.13624084e+00]
 [ -6.95743327e-01  -8.80026948e-01   1.44496051e-01   2.73724233e-01]
 [  1.12604576e+00   2.32848772e+00  -6.74755784e-01  -6.84578705e-01]
 [  1.63192218e-01   2.84094109e+00  -7.96488022e-02  -1.25508483e+00]
 [  1.46406273e-01  -1.86559333e-01  -1.32980879e-01   0.00000000e+00]
 [ -9.68179555e-02  -2.37252380e-01   2.84910175e-02   1.11734388e-01]
 [ -2.31370830e-01  -7.94220559e-01  -3.75945912e-02   1.03503383e-01]
 [  1.31320335e-02   2.20047021e-01  -3.28857479e-02  -8.95521630e-02]
 [  8.59410544e-02  -9.00517190e-01  -3.45686689e-01   1.05501545e-01]
 [ -3.76731476e-01  -1.16752699e+00   1.92825350e-02   4.23911239e-01]
 [ -1.63822273e-01   2.29272503e-01   6.68910623e-02  -5.11149335e-02]
 [  7.49249305e-02   1.12689678e+00  -7.18790103e-02  -5.35058536e-01]
 [  2.09799218e-01   8.32450406e-01  -6.34157893e-02  -4.01733213e-01]]
2
Finished successfully!, number of iterations:  2
0.0557914754107
[[ -1.42797695e-01   9.74589706e-01   0.00000000e+00  -3.34040913e-01]
 [ -2.10818259e+00  -5.38580390e+01   6.17361105e-01   1.51636025e+01]
 [  5.89405765e+00  -2.58833356e+00   1.72275971e-01   1.01532066e+00]
 [  1.06661331e+00   2.60406294e+01  -1.40381160e+00  -2.85401618e+01]
 [  2.12982506e-01   2.01004321e+00   6.08720328e+00  -1.37728175e+00]
 [ -2.59544960e-01   1.76964327e+00  -2.24030635e-01  -7.42235300e-01]
 [  1.95250441e-01  -9.28077569e-01  -1.15122564e-01   3.87056288e-01]
 [  0.00000000e+00  -8.01127770e-02   3.12512519e-02   4.41891713e-02]
 [ -3.88836090e-01  -3.87087000e-01   3.52230714e-02   1.72685551e-01]
 [ -1.73531953e-01   2.36027357e-01   1.98759025e-02  -7.46750555e-02]
 [  4.05634877e-02  -3.51126021e-01   2.08266164e-01   3.21683887e-01]
 [ -1.16815047e-02  -2.90478778e-01  -6.32368521e-02   5.76519018e-02]
 [  5.52294483e-02   4.05791707e-02   0.00000000e+00   1.01088728e-02]
 [ -1.33896006e-01   2.77324726e-01   1.43578571e-01   0.00000000e+00]
 [  1.05347191e-01   1.75772243e-01  -3.73169796e-02  -1.39064210e-01]
 [ -1.20064314e+00   2.44415740e+00   3.73892674e-01  -6.21968249e-01]
 [ -5.92774055e-02  -2.36246315e+00   1.54488616e-01   1.09244011e+00]
 [ -8.82104582e-02   7.30261027e-01   3.79742877e-02  -2.47841384e-01]
 [ -8.00947604e-02  -4.69940990e-01   0.00000000e+00   1.68446459e-01]
 [ -7.90354114e-01   3.44203877e+00   1.34077368e-02  -1.49436517e+00]
 [  2.16976978e-01  -4.41066135e-01  -1.99147102e-01   5.16352365e-02]
 [ -4.75820255e-02  -1.13241468e+00   0.00000000e+00   4.46815393e-01]
 [ -5.20854288e-02  -5.01761469e+00   7.16018314e-02   1.88188611e+00]
 [ -6.71507408e-01  -8.91688359e-01   1.38772152e-01   3.19462071e-01]
 [  1.25535789e+00   1.66830500e+00  -9.15244360e-01  -2.67828956e-01]
 [  1.72814949e-01   2.82625960e+00  -4.97336198e-02  -1.26745169e+00]
 [  1.50887867e-01  -1.11997708e-01  -1.20000872e-01   1.31706664e-02]
 [ -9.50052338e-02  -2.45260488e-01   3.77772376e-02   1.20250614e-01]
 [ -2.25724732e-01  -7.18423461e-01  -6.31912731e-02   1.38910630e-01]
 [  3.05443515e-02   2.08586618e-01  -2.34385996e-02  -6.39507653e-02]
 [  8.61523632e-02  -8.99962474e-01  -3.00083233e-01   1.22503598e-01]
 [ -4.15600979e-01  -9.97536663e-01   6.40971631e-02   4.45786643e-01]
 [ -1.54898403e-01   2.29471182e-01   7.46824675e-02  -4.66297838e-02]
 [  1.13114654e-01   1.07340267e+00  -8.76316153e-02  -5.11949480e-01]
 [  2.16394304e-01   8.37658701e-01  -6.23994703e-02  -4.27635668e-01]]
Time taken for 4D timepoints exp:  47.88280940055847 , number of time points:  101
Avg AR burnin:  0.3735 , Avg AR sampling:  0.230375

 Estimated ordinary:  [[ -9.93860929e-03  -3.89328994e-02   1.05335520e+00   6.62822488e-03
   -2.67354849e-02  -2.92090703e-02   3.10750728e-02   0.00000000e+00
   -6.18851858e-02  -2.76184680e-02   4.56499623e-03  -1.85916922e-03
    8.79003969e-03  -2.13102113e-02   1.18557243e-02  -7.80114680e-02
   -6.67105192e-03  -9.92716434e-03  -5.20413571e-03  -8.89460880e-02
    3.45329586e-02  -5.35485924e-03  -5.86167017e-03  -7.55711345e-02
    8.15665440e-02   1.94485147e-02   2.40145499e-02  -1.06918453e-02
   -3.59252068e-02   4.86128453e-03   9.69554729e-03  -4.67715428e-02
   -1.74321949e-02   1.27298711e-02   1.40601622e-02]
 [ -1.52939814e-02  -8.45343944e+00   2.00529224e-02   3.43857760e+00
   -3.25547281e-02   1.99154839e-01  -1.47708133e-01  -9.01585503e-03
   -6.16068095e-02   3.75649206e-02  -3.95155608e-02  -4.62311334e-02
    6.45837560e-03   4.41376010e-02   1.97813273e-02   1.58808476e-01
   -2.65870515e-01   8.21832397e-02  -3.05342906e-02   3.87365459e-01
   -7.01978555e-02  -1.27441426e-01  -5.64680047e-01  -1.00350197e-01
    1.08397673e-01   3.18065954e-01  -1.78249889e-02  -2.76015023e-02
   -1.14340645e-01   3.31975914e-02  -1.01281362e-01  -1.12262317e-01
    2.58245811e-02   1.20800242e-01   5.44266508e-02]
 [  2.45676045e-03   5.83022988e-03  -1.39895899e-02  -3.66671594e-02
    1.01608845e+00  -2.52123045e-02  -1.83223252e-02   3.51700150e-03
    5.60592593e-03   3.16334813e-03   2.34381782e-02  -1.00644576e-02
    0.00000000e+00   2.28512393e-02  -4.19963570e-03   2.42935768e-02
    1.73860777e-02   4.27360885e-03   0.00000000e+00   1.50890052e-03
   -3.16952456e-02   0.00000000e+00   8.05803714e-03   1.56173540e-02
   -5.94677583e-02  -5.59699867e-03  -1.90987320e-02   4.25143293e-03
   -1.00572035e-02  -3.73036899e-03  -3.37712289e-02   7.21346522e-03
    8.40473051e-03  -9.86202163e-03  -4.05438895e-03]
 [  4.84159309e-03   2.30053569e+00  -2.48881156e-02  -4.31459615e+00
   -2.05256752e-02  -8.35308188e-02   6.16019216e-02   4.97302899e-03
    2.74837590e-02  -1.18849042e-02   3.62021565e-02   9.17558515e-03
    1.60887708e-03   0.00000000e+00  -1.56502222e-02  -4.04122212e-02
    1.22942707e-01  -2.78919552e-02   1.09447638e-02  -1.68175168e-01
    8.21800312e-03   5.02843986e-02   2.11786596e-01   3.59521143e-02
   -1.74021151e-02  -1.42638429e-01   2.09617666e-03   1.35329488e-02
    2.21083134e-02  -1.01780804e-02   1.37864985e-02   5.01686235e-02
   -5.24769440e-03  -5.76145588e-02  -2.77855135e-02]] 
 True ordinary:  [[ 0.          0.          1.          0.          0.          0.          0.
   0.          0.          0.          0.          0.          0.          0.
   0.          0.          0.          0.          0.          0.          0.
   0.          0.          0.          0.          0.          0.          0.
   0.          0.          0.          0.          0.          0.          0.        ]
 [ 0.         -8.5         0.          3.5         0.          0.          0.
   0.          0.          0.          0.          0.          0.          0.
   0.          0.          0.          0.          0.          0.          0.
   0.          0.          0.          0.          0.          0.          0.
   0.          0.          0.          0.          0.          0.          0.        ]
 [ 0.          0.          0.          0.          1.          0.          0.
   0.          0.          0.          0.          0.          0.          0.
   0.          0.          0.          0.          0.          0.          0.
   0.          0.          0.          0.          0.          0.          0.
   0.          0.          0.          0.          0.          0.          0.        ]
 [ 0.          2.33333333  0.         -4.33333333  0.          0.          0.
   0.          0.          0.          0.          0.          0.          0.
   0.          0.          0.          0.          0.          0.          0.
   0.          0.          0.          0.          0.          0.          0.
   0.          0.          0.          0.          0.          0.          0.        ]]

 Estimated hermite:  [[ -1.42797695e-01  -2.10818259e+00   5.89405765e+00   1.06661331e+00
    2.12982506e-01  -2.59544960e-01   1.95250441e-01   0.00000000e+00
   -3.88836090e-01  -1.73531953e-01   4.05634877e-02  -1.16815047e-02
    5.52294483e-02  -1.33896006e-01   1.05347191e-01  -1.20064314e+00
   -5.92774055e-02  -8.82104582e-02  -8.00947604e-02  -7.90354114e-01
    2.16976978e-01  -4.75820255e-02  -5.20854288e-02  -6.71507408e-01
    1.25535789e+00   1.72814949e-01   1.50887867e-01  -9.50052338e-02
   -2.25724732e-01   3.05443515e-02   8.61523632e-02  -4.15600979e-01
   -1.54898403e-01   1.13114654e-01   2.16394304e-01]
 [  9.74589706e-01  -5.38580390e+01  -2.58833356e+00   2.60406294e+01
    2.01004321e+00   1.76964327e+00  -9.28077569e-01  -8.01127770e-02
   -3.87087000e-01   2.36027357e-01  -3.51126021e-01  -2.90478778e-01
    4.05791707e-02   2.77324726e-01   1.75772243e-01   2.44415740e+00
   -2.36246315e+00   7.30261027e-01  -4.69940990e-01   3.44203877e+00
   -4.41066135e-01  -1.13241468e+00  -5.01761469e+00  -8.91688359e-01
    1.66830500e+00   2.82625960e+00  -1.11997708e-01  -2.45260488e-01
   -7.18423461e-01   2.08586618e-01  -8.99962474e-01  -9.97536663e-01
    2.29471182e-01   1.07340267e+00   8.37658701e-01]
 [  0.00000000e+00   6.17361105e-01   1.72275971e-01  -1.40381160e+00
    6.08720328e+00  -2.24030635e-01  -1.15122564e-01   3.12512519e-02
    3.52230714e-02   1.98759025e-02   2.08266164e-01  -6.32368521e-02
    0.00000000e+00   1.43578571e-01  -3.73169796e-02   3.73892674e-01
    1.54488616e-01   3.79742877e-02   0.00000000e+00   1.34077368e-02
   -1.99147102e-01   0.00000000e+00   7.16018314e-02   1.38772152e-01
   -9.15244360e-01  -4.97336198e-02  -1.20000872e-01   3.77772376e-02
   -6.31912731e-02  -2.34385996e-02  -3.00083233e-01   6.40971631e-02
    7.46824675e-02  -8.76316153e-02  -6.23994703e-02]
 [ -3.34040913e-01   1.51636025e+01   1.01532066e+00  -2.85401618e+01
   -1.37728175e+00  -7.42235300e-01   3.87056288e-01   4.41891713e-02
    1.72685551e-01  -7.46750555e-02   3.21683887e-01   5.76519018e-02
    1.01088728e-02   0.00000000e+00  -1.39064210e-01  -6.21968249e-01
    1.09244011e+00  -2.47841384e-01   1.68446459e-01  -1.49436517e+00
    5.16352365e-02   4.46815393e-01   1.88188611e+00   3.19462071e-01
   -2.67828956e-01  -1.26745169e+00   1.31706664e-02   1.20250614e-01
    1.38910630e-01  -6.39507653e-02   1.22503598e-01   4.45786643e-01
   -4.66297838e-02  -5.11949480e-01  -4.27635668e-01]] 
 True hermite:  [[  0.           0.           6.28318531   0.           0.           0.
    0.           0.           0.           0.           0.           0.
    0.           0.           0.           0.           0.           0.
    0.           0.           0.           0.           0.           0.
    0.           0.           0.           0.           0.           0.
    0.           0.           0.           0.           0.        ]
 [  0.         -53.40707511   0.          21.99114858   0.           0.
    0.           0.           0.           0.           0.           0.
    0.           0.           0.           0.           0.           0.
    0.           0.           0.           0.           0.           0.
    0.           0.           0.           0.           0.           0.
    0.           0.           0.           0.           0.        ]
 [  0.           0.           0.           0.           6.28318531   0.
    0.           0.           0.           0.           0.           0.
    0.           0.           0.           0.           0.           0.
    0.           0.           0.           0.           0.           0.
    0.           0.           0.           0.           0.           0.
    0.           0.           0.           0.           0.        ]
 [  0.          14.66076572   0.         -27.22713633   0.           0.
    0.           0.           0.           0.           0.           0.
    0.           0.           0.           0.           0.           0.
    0.           0.           0.           0.           0.           0.
    0.           0.           0.           0.           0.           0.
    0.           0.           0.           0.           0.        ]]


