My SLURM_ARRAY_TASK_ID:  81
Data shape: (10, 81, 4)
Theta shape: (35, 4)
Theta: [[ 0.17965505  0.03527807  0.11980689  0.08248073]
 [ 0.05518584  0.09965061  0.12259365  0.13425285]
 [ 0.25932338  0.04185521  0.46638733  0.13642591]
 [ 0.29057832  0.45795455  0.43763284  0.09657611]
 [ 0.2014906   0.37835794  0.2311245   0.07589453]
 [ 0.45006334  0.24311595  0.37738515  0.32568018]
 [ 0.49813164  0.23270214  0.30400332  0.43022572]
 [ 0.19221054  0.21666156  0.4200167   0.15310805]
 [ 0.47060585  0.0673337   0.21869443  0.25142333]
 [ 0.03550831  0.38140069  0.44753264  0.48620066]
 [ 0.48907099  0.14148956  0.19811745  0.19778545]
 [ 0.04101545  0.03864526  0.16823206  0.26011453]
 [ 0.27151479  0.10893106  0.22254202  0.15067664]
 [ 0.34736654  0.37456502  0.13038098  0.39489249]
 [ 0.46779078  0.443064    0.1259012   0.08964889]
 [ 0.31477887  0.43591915  0.17438624  0.04040336]
 [ 0.26922932  0.48613994  0.48721212  0.34268277]
 [ 0.46418256  0.08270997  0.26185192  0.22203325]
 [ 0.05661308  0.42068939  0.26617933  0.31826353]
 [ 0.18287055  0.43589136  0.12665224  0.49107107]
 [ 0.08054512  0.00121747  0.00717972  0.07944689]
 [ 0.47081184  0.09521194  0.14116069  0.31132042]
 [ 0.33717017  0.3833721   0.25488602  0.15763751]
 [ 0.32197465  0.49332227  0.46743253  0.28458523]
 [ 0.15235156  0.01562103  0.15789772  0.3732876 ]
 [ 0.13723115  0.2786913   0.45861905  0.23208655]
 [ 0.38173453  0.2940495   0.00711587  0.28250884]
 [ 0.34252734  0.39945044  0.3231674   0.24547387]
 [ 0.06588711  0.49133523  0.23490099  0.30092998]
 [ 0.30479671  0.41051071  0.26086555  0.29018703]
 [ 0.39546066  0.10373919  0.02384032  0.23151296]
 [ 0.13564848  0.28620432  0.33122532  0.14706272]
 [ 0.07951592  0.37586189  0.43423053  0.13233334]
 [ 0.39713132  0.29294742  0.18016867  0.10042644]
 [ 0.07687533  0.49049036  0.2576905   0.27225681]]
1
7.26849489569
[[ -1.64843616e-01   3.45453745e+00  -2.46938536e-02  -1.20996733e+00]
 [ -8.76041370e+00  -4.54197469e+01   1.76131835e+00   1.38386032e+01]
 [  5.39691423e+00  -4.57769084e+00   2.60441996e-01   1.80721809e+00]
 [ -1.90499710e-01   9.37918722e+00  -5.63214319e-01  -2.26084746e+01]
 [  1.10162658e+00   2.01615263e+00   5.59236021e+00  -1.58887733e+00]
 [ -1.02044428e+00   5.87238790e-01   3.64849008e-01  -1.11828279e-01]
 [ -6.75648595e-02   3.92045123e-01  -1.91849560e-01  -2.29837804e-01]
 [ -1.01406255e-01  -7.31493659e-01   0.00000000e+00   2.35149414e-01]
 [ -1.03054563e+00  -4.37894620e+00   4.64765745e-01   2.20115862e+00]
 [ -6.64818957e-01  -7.40172503e-01   2.65075838e-01   3.19851046e-01]
 [  7.24054441e-01   5.35179688e+00  -4.32404038e-01  -1.89140092e+00]
 [  4.51855027e-01  -5.48763059e-01  -1.83843358e-02   0.00000000e+00]
 [ -4.35571611e-02  -9.79592285e-02   2.19475388e-02  -3.60308953e-02]
 [  2.76537263e-02  -1.98987267e+00   8.62395476e-02   1.15370250e+00]
 [ -1.37085991e-01   3.47491751e-01   1.52561563e-01  -1.33267096e-01]
 [ -5.21002375e+00   7.66842351e+00   1.25502116e+00  -1.82030748e+00]
 [ -5.68291004e-01  -1.37523918e+00   0.00000000e+00   4.49949909e-01]
 [ -8.65167702e-01   9.44900437e-01   2.78009510e-01  -5.15087017e-01]
 [ -2.39775532e-01  -4.12391828e-01   6.73844994e-02   1.66135374e-01]
 [ -1.32339432e+00  -8.74803528e-01  -4.96352445e-01   4.53699874e-01]
 [  1.56919916e-01   1.64934917e+00   3.73229576e-02  -4.16901583e-01]
 [  5.19868287e-01  -7.59697735e-02  -2.12186621e-01   8.63538072e-02]
 [ -4.04446424e+00   1.56198263e+00   3.36598209e-01   9.23334784e-01]
 [ -7.17831118e-01  -4.45053991e+00   3.83365456e-01   2.20547406e+00]
 [  2.53511459e-01  -1.11795315e+01   3.42064571e-01   4.08811882e+00]
 [  1.12442858e+00  -2.17167147e+00  -5.66832199e-01   8.98665218e-01]
 [ -9.91075706e-01  -3.49840433e-01   2.72046735e-01   7.02452012e-02]
 [ -1.87938004e-01   2.50297126e-01   1.74435630e-02  -8.58505820e-02]
 [ -9.63130894e-01   4.02642675e+00   7.12602180e-01  -2.01364721e+00]
 [  3.19076158e-01  -7.55077010e-01   1.32833316e-01   0.00000000e+00]
 [  7.72090218e-01   4.48900781e+00  -5.64603580e-01  -2.38358773e+00]
 [  1.54277017e-01   2.24757287e+00  -2.00074495e-01  -9.48317773e-01]
 [  0.00000000e+00   1.91151603e-01  -1.05142783e-01   0.00000000e+00]
 [ -1.51980721e-01  -4.70393643e+00   6.96648573e-02   1.58755846e+00]
 [ -4.27197717e-01   1.09315346e+00   8.67647463e-02  -6.61975408e-01]]
2
Finished successfully!, number of iterations:  2
0.0760728299837
[[ -1.88138365e-01   3.48109817e+00  -3.52161452e-02  -1.20563324e+00]
 [ -9.61501047e+00  -4.36505216e+01   1.89872345e+00   1.28957022e+01]
 [  5.45208399e+00  -4.79073041e+00   2.16458945e-01   1.88375194e+00]
 [  2.03892838e-01   8.31502513e+00  -6.84911289e-01  -2.17969122e+01]
 [  1.15809750e+00   1.94977473e+00   5.62004309e+00  -1.62375989e+00]
 [ -1.09021390e+00   5.99143036e-01   3.65355979e-01  -9.02738729e-02]
 [ -2.59375968e-02   3.81810744e-01  -2.06915987e-01  -2.14662290e-01]
 [ -1.01637255e-01  -7.59694128e-01   0.00000000e+00   2.41165159e-01]
 [ -1.07303031e+00  -4.46406150e+00   4.60707931e-01   2.18805917e+00]
 [ -6.70430439e-01  -7.80311832e-01   2.73253604e-01   3.57076443e-01]
 [  7.57606913e-01   5.41460909e+00  -4.59758955e-01  -1.92171637e+00]
 [  4.77492096e-01  -5.64050489e-01  -2.64241650e-02   5.42343125e-02]
 [ -3.83818036e-02  -1.32423024e-01   3.35998274e-02  -2.65207715e-02]
 [  4.27220511e-02  -2.06067656e+00   8.61364646e-02   1.21455225e+00]
 [ -1.32645105e-01   2.92236161e-01   1.70528718e-01  -1.26911864e-01]
 [ -5.79278815e+00   9.41087762e+00   1.35118345e+00  -2.60411389e+00]
 [ -4.22115832e-01  -1.48937827e+00  -7.46886952e-02   4.73128295e-01]
 [ -8.68157633e-01   1.05759466e+00   2.77891193e-01  -5.52131658e-01]
 [ -2.31784375e-01  -4.17610462e-01   5.91420832e-02   1.81825926e-01]
 [ -1.11487826e+00  -1.66008814e+00  -6.29631273e-01   9.28068673e-01]
 [  1.46991970e-01   1.77439749e+00   7.56889666e-02  -3.93975773e-01]
 [  5.49915939e-01  -1.52855340e-01  -2.10108113e-01   1.28890005e-01]
 [ -4.45888767e+00   2.25928046e+00   3.75749752e-01   3.59110681e-01]
 [ -6.87909376e-01  -4.69254058e+00   3.29701951e-01   2.32931624e+00]
 [  5.14238067e-01  -1.19606718e+01   3.07037853e-01   4.71861974e+00]
 [  1.12047411e+00  -2.26726806e+00  -5.36327700e-01   8.86421905e-01]
 [ -1.02813195e+00  -2.73479234e-01   2.92598638e-01   6.94828626e-02]
 [ -1.79969712e-01   2.32633528e-01   2.06714781e-02  -6.69859908e-02]
 [ -9.30923223e-01   4.21344123e+00   6.92225194e-01  -2.06555824e+00]
 [  3.52926957e-01  -8.05928259e-01   1.35762795e-01   1.68525710e-02]
 [  8.28693091e-01   4.43395060e+00  -5.04771157e-01  -2.42296989e+00]
 [  9.08154691e-02   2.49722800e+00  -2.16434441e-01  -1.05927284e+00]
 [  3.45994440e-02   1.83833664e-01  -1.24526673e-01   1.55162652e-02]
 [ -1.01002279e-01  -4.92989732e+00   5.53314125e-02   1.71016131e+00]
 [ -4.43658657e-01   1.08409583e+00   1.09870399e-01  -6.61349106e-01]]
Time taken for 4D timepoints exp:  42.46720767021179 , number of time points:  81
Avg AR burnin:  0.3225 , Avg AR sampling:  0.18158125

 Estimated ordinary:  [[  3.38543158e-02   1.88161049e-01   1.03393442e+00   7.16045878e-03
    7.16920800e-02  -1.22692171e-01  -4.12809675e-03  -1.14382099e-02
   -1.70778078e-01  -1.06702318e-01   8.52607331e-02   7.59952274e-02
   -6.10865376e-03   6.79942561e-03  -1.49278190e-02  -3.76384866e-01
   -4.75047213e-02  -9.77020602e-02  -1.50601280e-02  -1.25467886e-01
    2.33944986e-02   6.18872866e-02  -5.01801165e-01  -7.74170044e-02
    3.34124813e-02   1.26097640e-01  -1.63632283e-01  -2.02537085e-02
   -1.48161033e-01   5.61700698e-02   9.32607389e-02   1.02203311e-02
    3.89380549e-03  -1.13667499e-02  -2.88266030e-02]
 [ -7.01434097e-02  -9.43592056e+00  -6.04429627e-03   4.41363793e+00
   -1.71018152e-01   6.74272814e-02   6.07670672e-02  -8.54956274e-02
   -7.10477454e-01  -1.24190485e-01   6.09357614e-01  -8.97714235e-02
   -2.10757788e-02  -3.27966860e-01   3.28881230e-02   6.11469265e-01
   -1.67613945e-01   1.19021216e-01  -2.71341285e-02  -1.86825555e-01
    2.82404131e-01  -1.72022696e-02   2.54258382e-01  -5.28096356e-01
   -7.77141459e-01  -2.55157303e-01  -4.35255719e-02   2.61804702e-02
    6.70589999e-01  -1.28267466e-01   4.98994758e-01   2.81036889e-01
    2.06885559e-02  -5.54808374e-01   7.04388373e-02]
 [ -1.41719795e-02  -1.03901499e-02   8.23738792e-03  -8.05792131e-02
    9.87879665e-01   4.11169936e-02  -3.29317022e-02   0.00000000e+00
    7.33239446e-02   4.34896618e-02  -5.17410611e-02  -4.20553648e-03
    5.34757863e-03   1.37090441e-02   1.91912234e-02   8.77927846e-02
   -8.40543137e-03   3.12737469e-02   3.84274109e-03  -7.08584136e-02
    1.20462732e-02  -2.36454703e-02   4.22867041e-02   3.71045057e-02
    1.99497027e-02  -6.03580724e-02   4.65685196e-02   2.32635863e-03
    1.10171061e-01   2.16073199e-02  -5.68067135e-02  -2.43574323e-02
   -1.40141744e-02   6.22697169e-03   7.13879992e-03]
 [  2.16879536e-02   2.70095214e+00  -5.27658512e-02  -4.70026992e+00
    5.09445078e-02  -1.01593801e-02  -3.41645646e-02   2.71406159e-02
    3.48240432e-01   5.68304810e-02  -2.16269076e-01   8.63165892e-03
   -4.22091188e-03   1.93301995e-01  -1.42826027e-02  -1.69201606e-01
    5.32456404e-02  -6.21366426e-02   1.18140911e-02   1.04444421e-01
   -6.27031917e-02   1.45052218e-02   4.04141507e-02   2.62140177e-01
    3.06591060e-01   9.97575130e-02   1.10585410e-02  -7.53857256e-03
   -3.28743803e-01   2.68216998e-03  -2.72679916e-01  -1.19210078e-01
    1.74619334e-03   1.92460766e-01  -4.29709819e-02]] 
 True ordinary:  [[ 0.          0.          1.          0.          0.          0.          0.
   0.          0.          0.          0.          0.          0.          0.
   0.          0.          0.          0.          0.          0.          0.
   0.          0.          0.          0.          0.          0.          0.
   0.          0.          0.          0.          0.          0.          0.        ]
 [ 0.         -8.5         0.          3.5         0.          0.          0.
   0.          0.          0.          0.          0.          0.          0.
   0.          0.          0.          0.          0.          0.          0.
   0.          0.          0.          0.          0.          0.          0.
   0.          0.          0.          0.          0.          0.          0.        ]
 [ 0.          0.          0.          0.          1.          0.          0.
   0.          0.          0.          0.          0.          0.          0.
   0.          0.          0.          0.          0.          0.          0.
   0.          0.          0.          0.          0.          0.          0.
   0.          0.          0.          0.          0.          0.          0.        ]
 [ 0.          2.33333333  0.         -4.33333333  0.          0.          0.
   0.          0.          0.          0.          0.          0.          0.
   0.          0.          0.          0.          0.          0.          0.
   0.          0.          0.          0.          0.          0.          0.
   0.          0.          0.          0.          0.          0.          0.        ]]

 Estimated hermite:  [[ -1.88138365e-01  -9.61501047e+00   5.45208399e+00   2.03892838e-01
    1.15809750e+00  -1.09021390e+00  -2.59375968e-02  -1.01637255e-01
   -1.07303031e+00  -6.70430439e-01   7.57606913e-01   4.77492096e-01
   -3.83818036e-02   4.27220511e-02  -1.32645105e-01  -5.79278815e+00
   -4.22115832e-01  -8.68157633e-01  -2.31784375e-01  -1.11487826e+00
    1.46991970e-01   5.49915939e-01  -4.45888767e+00  -6.87909376e-01
    5.14238067e-01   1.12047411e+00  -1.02813195e+00  -1.79969712e-01
   -9.30923223e-01   3.52926957e-01   8.28693091e-01   9.08154691e-02
    3.45994440e-02  -1.01002279e-01  -4.43658657e-01]
 [  3.48109817e+00  -4.36505216e+01  -4.79073041e+00   8.31502513e+00
    1.94977473e+00   5.99143036e-01   3.81810744e-01  -7.59694128e-01
   -4.46406150e+00  -7.80311832e-01   5.41460909e+00  -5.64050489e-01
   -1.32423024e-01  -2.06067656e+00   2.92236161e-01   9.41087762e+00
   -1.48937827e+00   1.05759466e+00  -4.17610462e-01  -1.66008814e+00
    1.77439749e+00  -1.52855340e-01   2.25928046e+00  -4.69254058e+00
   -1.19606718e+01  -2.26726806e+00  -2.73479234e-01   2.32633528e-01
    4.21344123e+00  -8.05928259e-01   4.43395060e+00   2.49722800e+00
    1.83833664e-01  -4.92989732e+00   1.08409583e+00]
 [ -3.52161452e-02   1.89872345e+00   2.16458945e-01  -6.84911289e-01
    5.62004309e+00   3.65355979e-01  -2.06915987e-01   0.00000000e+00
    4.60707931e-01   2.73253604e-01  -4.59758955e-01  -2.64241650e-02
    3.35998274e-02   8.61364646e-02   1.70528718e-01   1.35118345e+00
   -7.46886952e-02   2.77891193e-01   5.91420832e-02  -6.29631273e-01
    7.56889666e-02  -2.10108113e-01   3.75749752e-01   3.29701951e-01
    3.07037853e-01  -5.36327700e-01   2.92598638e-01   2.06714781e-02
    6.92225194e-01   1.35762795e-01  -5.04771157e-01  -2.16434441e-01
   -1.24526673e-01   5.53314125e-02   1.09870399e-01]
 [ -1.20563324e+00   1.28957022e+01   1.88375194e+00  -2.17969122e+01
   -1.62375989e+00  -9.02738729e-02  -2.14662290e-01   2.41165159e-01
    2.18805917e+00   3.57076443e-01  -1.92171637e+00   5.42343125e-02
   -2.65207715e-02   1.21455225e+00  -1.26911864e-01  -2.60411389e+00
    4.73128295e-01  -5.52131658e-01   1.81825926e-01   9.28068673e-01
   -3.93975773e-01   1.28890005e-01   3.59110681e-01   2.32931624e+00
    4.71861974e+00   8.86421905e-01   6.94828626e-02  -6.69859908e-02
   -2.06555824e+00   1.68525710e-02  -2.42296989e+00  -1.05927284e+00
    1.55162652e-02   1.71016131e+00  -6.61349106e-01]] 
 True hermite:  [[  0.           0.           6.28318531   0.           0.           0.
    0.           0.           0.           0.           0.           0.
    0.           0.           0.           0.           0.           0.
    0.           0.           0.           0.           0.           0.
    0.           0.           0.           0.           0.           0.
    0.           0.           0.           0.           0.        ]
 [  0.         -53.40707511   0.          21.99114858   0.           0.
    0.           0.           0.           0.           0.           0.
    0.           0.           0.           0.           0.           0.
    0.           0.           0.           0.           0.           0.
    0.           0.           0.           0.           0.           0.
    0.           0.           0.           0.           0.        ]
 [  0.           0.           0.           0.           6.28318531   0.
    0.           0.           0.           0.           0.           0.
    0.           0.           0.           0.           0.           0.
    0.           0.           0.           0.           0.           0.
    0.           0.           0.           0.           0.           0.
    0.           0.           0.           0.           0.        ]
 [  0.          14.66076572   0.         -27.22713633   0.           0.
    0.           0.           0.           0.           0.           0.
    0.           0.           0.           0.           0.           0.
    0.           0.           0.           0.           0.           0.
    0.           0.           0.           0.           0.           0.
    0.           0.           0.           0.           0.        ]]


