My SLURM_ARRAY_TASK_ID:  41
Data shape: (10, 41, 4)
Theta shape: (35, 4)
Theta: [[ 0.2962053   0.43753086  0.32268831  0.22214762]
 [ 0.40273236  0.17545571  0.33243802  0.05905793]
 [ 0.07246609  0.42065556  0.47430377  0.35687129]
 [ 0.39772119  0.12991558  0.4383195   0.18945278]
 [ 0.41189921  0.2405856   0.49016306  0.34486326]
 [ 0.22782888  0.18061386  0.14742596  0.39557538]
 [ 0.46432894  0.47130485  0.47360289  0.34716389]
 [ 0.41461591  0.29308812  0.46616883  0.20208077]
 [ 0.22438045  0.36240843  0.36759855  0.08002543]
 [ 0.44427564  0.03894871  0.42706276  0.06766426]
 [ 0.03869963  0.44821439  0.43049133  0.18508267]
 [ 0.09508515  0.16379175  0.33470961  0.34511756]
 [ 0.01857673  0.0954208   0.36102052  0.45354494]
 [ 0.46336699  0.41372178  0.38468867  0.32651275]
 [ 0.0240728   0.48123695  0.16851137  0.14432687]
 [ 0.32850769  0.45607708  0.10792771  0.08246681]
 [ 0.11620572  0.36569843  0.10832499  0.36458467]
 [ 0.48140059  0.41307106  0.17078458  0.03915718]
 [ 0.36291638  0.41504335  0.27283051  0.07900247]
 [ 0.30121617  0.39154024  0.09571318  0.25762756]
 [ 0.10219681  0.48564946  0.44585432  0.332947  ]
 [ 0.33751255  0.14931216  0.08800397  0.47596272]
 [ 0.03982102  0.09785054  0.24273338  0.22234493]
 [ 0.46645576  0.27581108  0.24750873  0.38781643]
 [ 0.20006603  0.07415655  0.13897544  0.28639961]
 [ 0.49418234  0.09545283  0.24490211  0.21831038]
 [ 0.23878997  0.49724875  0.31504521  0.33199288]
 [ 0.34763371  0.37353052  0.33794646  0.05060513]
 [ 0.00468165  0.06454318  0.00224376  0.02061397]
 [ 0.28794623  0.22825834  0.17823733  0.29158404]
 [ 0.09167019  0.19686645  0.30770739  0.30575076]
 [ 0.21495539  0.39150557  0.49920545  0.10477367]
 [ 0.19523658  0.30037818  0.1383624   0.36029195]
 [ 0.38521878  0.22719982  0.29985748  0.09257143]
 [ 0.22188688  0.29945286  0.2111434   0.02521659]]
1
11.6493161328
[[ -5.18527644e-01  -4.26022417e+00   4.83678168e-01   2.58607435e+00]
 [ -1.13794239e+01  -6.28875491e+01   4.30738278e+00   2.28362909e+01]
 [  6.44608114e+00   1.54375528e-01  -6.14023649e-01  -4.91096366e-01]
 [ -3.45054913e-01   3.76986588e+01  -2.64481056e+00  -3.50258514e+01]
 [ -7.88469460e-01   1.14388258e+01   6.25829447e+00  -7.96479348e+00]
 [ -1.80406267e+00  -1.19878754e+00   3.95304991e-01   1.71504962e+00]
 [ -4.32043370e-01  -2.25895290e+00   3.65936864e-01   2.32846827e-01]
 [  2.41355594e-01   3.04671347e-01  -1.14062578e-01  -6.15626267e-02]
 [  1.82376524e+00   5.07058858e+00  -9.22235939e-01  -1.19934229e+00]
 [  6.33596677e-01  -2.13032359e+00  -2.33787197e-01   5.76097274e-01]
 [  1.51874146e+00  -6.13040490e+00   2.87197868e-01   2.65525627e+00]
 [  3.99590261e-01  -5.57889168e+00  -1.71600163e-01   1.93843108e+00]
 [ -2.29517871e-01  -7.41497438e-01   8.54425803e-02   3.56160492e-01]
 [  1.67592904e-01  -2.72877782e+00  -2.01454439e-01   1.22553410e+00]
 [ -8.97428492e-02  -2.06310197e+00   0.00000000e+00   9.23683942e-01]
 [ -5.60343947e+00  -1.15841229e+01   3.21018701e+00   6.72993668e+00]
 [ -4.99486609e-01   3.63253101e+00  -1.80220372e-01  -1.86822490e+00]
 [ -2.12775312e-01   5.91864659e-01  -5.53035247e-02   1.04457970e-01]
 [  3.36723587e-02  -1.31564511e+00  -1.21394847e-01   4.01448891e-01]
 [  1.90956539e+00   8.69607250e+00  -1.76147821e+00  -1.97109589e+00]
 [ -7.81211069e-02  -5.91285167e+00   2.71197900e-01   2.27647520e+00]
 [  6.87947707e-01   3.88498833e-01  -2.61793616e-01  -1.31731610e-01]
 [ -6.33676859e+00  -4.11179257e+00   8.20137270e-01   5.20091306e+00]
 [  1.53566564e+00  -2.51048405e+00  -1.16716969e+00   1.62763916e+00]
 [ -2.14493113e+00   1.10332099e+01  -6.03196266e-01  -6.84546854e+00]
 [ -5.11359284e-01   4.90572945e+00   2.20839852e-01  -4.61187468e+00]
 [ -1.24597106e+00  -2.57985903e-01   6.21408523e-01   6.84201224e-01]
 [  2.90184910e-01   5.44773797e-01  -3.00418458e-01  -4.67507756e-01]
 [  2.60994098e+00  -8.88968996e-01  -1.07608153e+00   8.69784471e-01]
 [ -2.24284366e-01   5.10154110e-02   5.50231243e-01  -2.96325108e-01]
 [ -1.48214851e+00   9.58935635e+00   2.64618683e-01  -5.23547549e+00]
 [ -8.71335556e-01  -2.48170351e-01   5.87623430e-01   6.29145420e-01]
 [  5.04951291e-01   2.01570531e+00  -3.60466145e-01  -1.13616766e+00]
 [  1.39236702e-01   3.28589041e+00   3.17791674e-01  -2.40496991e+00]
 [ -2.47384135e-01   4.25375091e+00  -1.94238059e-01  -2.54309858e+00]]
2
Finished successfully!, number of iterations:  2
0.0630524216902
[[ -5.63498674e-01  -4.52567665e+00   4.99695531e-01   2.75557902e+00]
 [ -1.22383039e+01  -6.00763900e+01   4.57716469e+00   2.15708966e+01]
 [  6.39733214e+00   7.81693440e-02  -5.98017148e-01  -4.99764026e-01]
 [ -6.69417873e-02   3.57726606e+01  -2.94217540e+00  -3.38340310e+01]
 [ -7.65401095e-01   1.15535752e+01   6.27790761e+00  -8.08766895e+00]
 [ -1.88617441e+00  -1.42063959e+00   4.15207608e-01   1.88608058e+00]
 [ -4.24957354e-01  -2.27050993e+00   4.03452056e-01   1.95258958e-01]
 [  2.43485817e-01   2.76109430e-01  -1.05560412e-01  -5.38544057e-02]
 [  1.84345659e+00   5.22940859e+00  -9.42924773e-01  -1.34944270e+00]
 [  6.62037982e-01  -2.14160265e+00  -2.35500029e-01   5.98675118e-01]
 [  1.51989109e+00  -6.28050325e+00   2.90798048e-01   2.74148419e+00]
 [  4.27143747e-01  -5.67952695e+00  -1.60209381e-01   1.98609297e+00]
 [ -2.23196751e-01  -8.25344808e-01   9.79412993e-02   3.95665886e-01]
 [  1.82993968e-01  -2.81352672e+00  -1.86878991e-01   1.29408860e+00]
 [ -6.53154807e-02  -2.22619747e+00   0.00000000e+00   9.65006011e-01]
 [ -6.17770169e+00  -9.30531171e+00   3.37264529e+00   5.82945440e+00]
 [ -4.95718542e-01   3.66108703e+00  -1.92775828e-01  -1.95916782e+00]
 [ -2.21381353e-01   8.37405089e-01  -3.75964134e-02   4.99241246e-02]
 [  5.18755083e-02  -1.30612143e+00  -1.21800575e-01   4.16080141e-01]
 [  2.05956893e+00   7.71594032e+00  -1.88950272e+00  -1.44573289e+00]
 [  0.00000000e+00  -5.85023510e+00   2.87367408e-01   2.31272852e+00]
 [  6.89315934e-01   2.56251268e-01  -2.41177477e-01  -7.39840712e-02]
 [ -6.75941446e+00  -2.73383745e+00   9.96033100e-01   4.36480528e+00]
 [  1.52116489e+00  -2.64566013e+00  -1.14309078e+00   1.71405863e+00]
 [ -1.98421340e+00   9.53838384e+00  -8.22147971e-01  -5.90747202e+00]
 [ -5.49862371e-01   5.06180252e+00   2.34073058e-01  -4.80697596e+00]
 [ -1.29551266e+00   0.00000000e+00   6.43475855e-01   6.52512897e-01]
 [  3.01907780e-01   5.50784837e-01  -2.93172158e-01  -4.58792136e-01]
 [  2.63922044e+00  -8.33688710e-01  -1.13509241e+00   9.12726484e-01]
 [ -1.91129479e-01  -6.59284839e-02   5.77015900e-01  -2.08559134e-01]
 [ -1.44437898e+00   9.60923903e+00   3.09207854e-01  -5.23545698e+00]
 [ -9.59878109e-01   3.18039560e-01   6.50412099e-01   4.50356298e-01]
 [  5.22592823e-01   2.01852306e+00  -3.52960990e-01  -1.12532964e+00]
 [  1.81398953e-01   3.03999364e+00   3.35530334e-01  -2.28492734e+00]
 [ -2.22967120e-01   4.26207078e+00  -1.94486242e-01  -2.58200897e+00]]
Time taken for 4D timepoints exp:  20.422734260559082 , number of time points:  41
Avg AR burnin:  0.272125 , Avg AR sampling:  0.0951125

 Estimated ordinary:  [[ -6.85134512e-02   1.50036782e-01   8.33839625e-01   4.63443031e-02
    1.12098760e-01  -2.12269199e-01  -6.76340635e-02   2.74017818e-02
    2.93395229e-01   1.05366617e-01   1.71047843e-01   6.79820387e-02
   -3.55228662e-02   2.91243946e-02  -7.35057412e-03  -4.01394520e-01
   -5.57879364e-02  -2.49141556e-02   3.37059732e-03   2.31782939e-01
    0.00000000e+00   7.75752978e-02  -7.60701391e-01   1.71191196e-01
   -1.28923737e-01  -6.18812581e-02  -2.06187244e-01   3.39765626e-02
    4.20044979e-01  -3.04192013e-02  -1.62549745e-01  -1.08024240e-01
    5.88123557e-02   2.04145546e-02  -1.44872292e-02]
 [  3.65861269e-01  -7.56999239e+00  -7.44036200e-02   2.59482767e+00
   -7.05029462e-01  -1.59878126e-01  -3.61362879e-01   3.10732281e-02
    8.32286226e-01  -3.40846648e-01  -7.06804943e-01  -9.03924788e-01
   -1.31357706e-01  -4.47786685e-01  -2.50535238e-01  -6.04610148e-01
    4.12017049e-01   9.42411832e-02  -8.48648915e-02   8.68348371e-01
   -9.31093834e-01   2.88383997e-02  -3.07664808e-01  -2.97741373e-01
    6.19753947e-01   5.69652924e-01   0.00000000e+00   6.19850719e-02
   -1.32685679e-01  -1.04928441e-02   1.08141934e+00   3.57920256e-02
    2.27163656e-01   3.42119484e-01   2.76926913e-01]
 [  1.19551826e-02  -1.09990903e-01   1.18624375e-01  -1.05979884e-01
    1.00892298e+00   4.67272730e-02   6.42113890e-02  -1.18797202e-02
   -1.50071139e-01  -3.74809937e-02   3.27262784e-02  -2.54981149e-02
    1.55878419e-02  -2.97427152e-02   0.00000000e+00   2.19136729e-01
   -2.16949029e-02  -4.23108305e-03  -7.91395991e-03  -2.12643766e-01
    4.57359434e-02  -2.71420022e-02   1.12093106e-01  -1.28642910e-01
   -5.34188453e-02   2.63424742e-02   1.02412363e-01  -3.29934597e-02
   -1.80655568e-01   9.18349327e-02   3.47981095e-02   7.31970781e-02
   -3.97220673e-02   3.77604293e-02  -1.26366917e-02]
 [ -1.84760568e-01   1.74929859e+00  -6.41544802e-03  -3.80517110e+00
    3.97906576e-01   2.12258640e-01   3.10764283e-02  -6.06075002e-03
   -2.14770477e-01   9.52821044e-02   3.08525368e-01   3.16096514e-01
    6.29721816e-02   2.05960597e-01   1.08601332e-01   3.78767245e-01
   -2.20483844e-01   5.61843799e-03   2.70346962e-02  -1.62702114e-01
    3.68082176e-01  -8.32613330e-03   4.91213176e-01   1.92899369e-01
   -3.83836420e-01  -5.40974861e-01   1.03850653e-01  -5.16322557e-02
    1.45264932e-01  -3.31932171e-02  -5.89195917e-01   5.06828903e-02
   -1.26644080e-01  -2.57144671e-01  -1.67765344e-01]] 
 True ordinary:  [[ 0.          0.          1.          0.          0.          0.          0.
   0.          0.          0.          0.          0.          0.          0.
   0.          0.          0.          0.          0.          0.          0.
   0.          0.          0.          0.          0.          0.          0.
   0.          0.          0.          0.          0.          0.          0.        ]
 [ 0.         -8.5         0.          3.5         0.          0.          0.
   0.          0.          0.          0.          0.          0.          0.
   0.          0.          0.          0.          0.          0.          0.
   0.          0.          0.          0.          0.          0.          0.
   0.          0.          0.          0.          0.          0.          0.        ]
 [ 0.          0.          0.          0.          1.          0.          0.
   0.          0.          0.          0.          0.          0.          0.
   0.          0.          0.          0.          0.          0.          0.
   0.          0.          0.          0.          0.          0.          0.
   0.          0.          0.          0.          0.          0.          0.        ]
 [ 0.          2.33333333  0.         -4.33333333  0.          0.          0.
   0.          0.          0.          0.          0.          0.          0.
   0.          0.          0.          0.          0.          0.          0.
   0.          0.          0.          0.          0.          0.          0.
   0.          0.          0.          0.          0.          0.          0.        ]]

 Estimated hermite:  [[ -5.63498674e-01  -1.22383039e+01   6.39733214e+00  -6.69417873e-02
   -7.65401095e-01  -1.88617441e+00  -4.24957354e-01   2.43485817e-01
    1.84345659e+00   6.62037982e-01   1.51989109e+00   4.27143747e-01
   -2.23196751e-01   1.82993968e-01  -6.53154807e-02  -6.17770169e+00
   -4.95718542e-01  -2.21381353e-01   5.18755083e-02   2.05956893e+00
    0.00000000e+00   6.89315934e-01  -6.75941446e+00   1.52116489e+00
   -1.98421340e+00  -5.49862371e-01  -1.29551266e+00   3.01907780e-01
    2.63922044e+00  -1.91129479e-01  -1.44437898e+00  -9.59878109e-01
    5.22592823e-01   1.81398953e-01  -2.22967120e-01]
 [ -4.52567665e+00  -6.00763900e+01   7.81693440e-02   3.57726606e+01
    1.15535752e+01  -1.42063959e+00  -2.27050993e+00   2.76109430e-01
    5.22940859e+00  -2.14160265e+00  -6.28050325e+00  -5.67952695e+00
   -8.25344808e-01  -2.81352672e+00  -2.22619747e+00  -9.30531171e+00
    3.66108703e+00   8.37405089e-01  -1.30612143e+00   7.71594032e+00
   -5.85023510e+00   2.56251268e-01  -2.73383745e+00  -2.64566013e+00
    9.53838384e+00   5.06180252e+00   0.00000000e+00   5.50784837e-01
   -8.33688710e-01  -6.59284839e-02   9.60923903e+00   3.18039560e-01
    2.01852306e+00   3.03999364e+00   4.26207078e+00]
 [  4.99695531e-01   4.57716469e+00  -5.98017148e-01  -2.94217540e+00
    6.27790761e+00   4.15207608e-01   4.03452056e-01  -1.05560412e-01
   -9.42924773e-01  -2.35500029e-01   2.90798048e-01  -1.60209381e-01
    9.79412993e-02  -1.86878991e-01   0.00000000e+00   3.37264529e+00
   -1.92775828e-01  -3.75964134e-02  -1.21800575e-01  -1.88950272e+00
    2.87367408e-01  -2.41177477e-01   9.96033100e-01  -1.14309078e+00
   -8.22147971e-01   2.34073058e-01   6.43475855e-01  -2.93172158e-01
   -1.13509241e+00   5.77015900e-01   3.09207854e-01   6.50412099e-01
   -3.52960990e-01   3.35530334e-01  -1.94486242e-01]
 [  2.75557902e+00   2.15708966e+01  -4.99764026e-01  -3.38340310e+01
   -8.08766895e+00   1.88608058e+00   1.95258958e-01  -5.38544057e-02
   -1.34944270e+00   5.98675118e-01   2.74148419e+00   1.98609297e+00
    3.95665886e-01   1.29408860e+00   9.65006011e-01   5.82945440e+00
   -1.95916782e+00   4.99241246e-02   4.16080141e-01  -1.44573289e+00
    2.31272852e+00  -7.39840712e-02   4.36480528e+00   1.71405863e+00
   -5.90747202e+00  -4.80697596e+00   6.52512897e-01  -4.58792136e-01
    9.12726484e-01  -2.08559134e-01  -5.23545698e+00   4.50356298e-01
   -1.12532964e+00  -2.28492734e+00  -2.58200897e+00]] 
 True hermite:  [[  0.           0.           6.28318531   0.           0.           0.
    0.           0.           0.           0.           0.           0.
    0.           0.           0.           0.           0.           0.
    0.           0.           0.           0.           0.           0.
    0.           0.           0.           0.           0.           0.
    0.           0.           0.           0.           0.        ]
 [  0.         -53.40707511   0.          21.99114858   0.           0.
    0.           0.           0.           0.           0.           0.
    0.           0.           0.           0.           0.           0.
    0.           0.           0.           0.           0.           0.
    0.           0.           0.           0.           0.           0.
    0.           0.           0.           0.           0.        ]
 [  0.           0.           0.           0.           6.28318531   0.
    0.           0.           0.           0.           0.           0.
    0.           0.           0.           0.           0.           0.
    0.           0.           0.           0.           0.           0.
    0.           0.           0.           0.           0.           0.
    0.           0.           0.           0.           0.        ]
 [  0.          14.66076572   0.         -27.22713633   0.           0.
    0.           0.           0.           0.           0.           0.
    0.           0.           0.           0.           0.           0.
    0.           0.           0.           0.           0.           0.
    0.           0.           0.           0.           0.           0.
    0.           0.           0.           0.           0.        ]]


