My SLURM_ARRAY_TASK_ID:  51
Data shape: (10, 51, 4)
Theta shape: (35, 4)
Theta: [[ 0.32078556  0.44267885  0.4470733   0.49429147]
 [ 0.43759814  0.23818453  0.37019013  0.4792918 ]
 [ 0.34288237  0.46304404  0.08523806  0.30346266]
 [ 0.47900176  0.33398338  0.041978    0.46945562]
 [ 0.29881195  0.31008972  0.18042048  0.11821012]
 [ 0.1902452   0.18393291  0.20518338  0.23723208]
 [ 0.16407287  0.20367465  0.1861145   0.05053481]
 [ 0.05487176  0.4206183   0.44664244  0.28761502]
 [ 0.0932019   0.21179446  0.45605465  0.18691518]
 [ 0.4173065   0.13922909  0.48769855  0.11411566]
 [ 0.10361676  0.18867689  0.20763151  0.15345513]
 [ 0.31764074  0.44697256  0.39451003  0.48632942]
 [ 0.49420918  0.43204948  0.33896508  0.32544181]
 [ 0.27117203  0.23864881  0.28304681  0.05168578]
 [ 0.30186913  0.39913162  0.46452088  0.46395209]
 [ 0.10712558  0.05959079  0.42704224  0.0341558 ]
 [ 0.12597746  0.27794976  0.11741588  0.03799416]
 [ 0.32133144  0.44766063  0.10960919  0.11889062]
 [ 0.25409848  0.01556695  0.33399093  0.44081925]
 [ 0.05943805  0.01246647  0.48274014  0.08596873]
 [ 0.0090186   0.06358024  0.02472882  0.23326448]
 [ 0.35780006  0.18467286  0.43679105  0.06592057]
 [ 0.15739889  0.43089268  0.29233298  0.22762031]
 [ 0.42372701  0.45784604  0.29046805  0.25172561]
 [ 0.36692003  0.13615331  0.09239131  0.07840345]
 [ 0.04246413  0.42499105  0.04807945  0.1520496 ]
 [ 0.13337662  0.08246843  0.38072508  0.44067314]
 [ 0.27794446  0.11183387  0.40097013  0.27637677]
 [ 0.11570246  0.47020236  0.24846051  0.49499886]
 [ 0.36735516  0.04053436  0.12762111  0.43419431]
 [ 0.40548306  0.23489494  0.12427204  0.41069065]
 [ 0.24687021  0.38456022  0.48540553  0.18999488]
 [ 0.3551525   0.03472698  0.05670684  0.37481118]
 [ 0.35628372  0.13293309  0.23217643  0.12991958]
 [ 0.17999597  0.39853444  0.25051128  0.15051801]]
1
11.6266619644
[[  5.03495197e-01   4.93857433e+00   1.46273540e-01  -1.96158751e+00]
 [ -2.32132175e+01  -5.71523846e+01   7.56005940e+00   1.80643807e+01]
 [  8.15525483e+00   9.39002714e-01  -8.96230602e-01  -2.04923776e+00]
 [  1.51526355e+01   2.13988047e+01  -7.16299706e+00  -2.22797160e+01]
 [ -2.09294109e+00  -8.00808204e+00   6.09378990e+00   1.14380318e+00]
 [  1.91808387e+00   1.73967248e+00  -9.54977193e-01  -5.31108092e-01]
 [  1.00132071e+00   2.68563472e+00  -2.86599046e-01  -1.45785033e+00]
 [ -1.18273269e-01  -2.86171595e-01  -3.67512756e-02   6.62356205e-02]
 [ -5.47625877e-01  -1.99369414e+00   1.32694028e-01   6.17538303e-01]
 [  7.10909851e-01  -2.87257304e+00  -6.63039342e-01   8.17679178e-01]
 [ -1.27537481e+00   6.20075185e+00   9.60273403e-01  -2.79063643e+00]
 [  6.24094770e-01   6.94830709e-01  -3.87055671e-01  -2.92556509e-01]
 [  4.22740463e-01   4.01520045e-01  -3.29148617e-01  -2.23139143e-01]
 [ -3.49957839e-01   4.78035443e-01   3.83113434e-01  -3.56791304e-01]
 [  9.38284372e-01   1.45843874e+00   2.78918866e-02  -5.77930596e-01]
 [ -1.13678721e+01  -8.21821215e+00   3.47814918e+00   5.18971254e+00]
 [  2.71912304e+00   2.07416785e+00  -1.53492558e+00  -1.86471060e+00]
 [ -3.09913609e-01  -8.69132217e-01  -4.91133892e-02   3.33821319e-01]
 [  8.58392076e-01  -3.46417587e-01  -3.57117270e-01  -7.35811255e-02]
 [  5.57647529e+00  -5.21729037e-01  -2.61186412e+00   1.04451695e+00]
 [  1.95726406e+00  -3.10527700e+00  -1.45015129e+00   1.03732026e+00]
 [  2.98185589e-01   3.73313345e-01  -6.84045072e-02   6.59638336e-02]
 [ -1.47516104e+01   5.14310537e-02   5.98096768e+00   6.89070348e-01]
 [  2.76269129e+00   1.62365941e+00  -8.11573862e-01  -1.95456301e+00]
 [  1.01940971e+01   2.30368518e+00  -3.66811391e+00   3.12748907e+00]
 [ -3.27480721e+00  -3.62514967e+00   9.35820971e-01   1.44863332e-01]
 [ -1.72215252e+00   1.57289797e-01  -1.77422855e-01  -3.30509439e-01]
 [  6.01190647e-01   1.04966165e-01  -2.66061547e-01  -3.92037754e-01]
 [ -7.73171712e-01   1.12362837e+01  -5.17612824e-01  -5.18180972e+00]
 [ -5.55217526e-01   2.78704750e+00   4.55597906e-01  -7.55992154e-01]
 [ -5.48482811e-01  -9.76408032e+00  -5.71277383e-01   3.66048979e+00]
 [ -4.72634290e+00  -3.27004259e+00   5.94011619e-01   1.72993576e+00]
 [  4.38445791e-01   0.00000000e+00  -3.72131371e-01  -5.54097798e-01]
 [  1.09980882e+00   1.40561825e+00  -5.88260858e-01  -4.97329972e-01]
 [ -1.24069909e+00   2.58355929e-01   4.97622378e-01  -9.80546295e-01]]
2
Finished successfully!, number of iterations:  2
0.0609282698349
[[  5.68010751e-01   4.99273574e+00   1.63157216e-01  -2.10626713e+00]
 [ -2.41062843e+01  -5.41322390e+01   7.76836117e+00   1.68411069e+01]
 [  8.16698629e+00   8.74120668e-01  -9.06599666e-01  -2.05325636e+00]
 [  1.57509649e+01   2.00821118e+01  -7.48490918e+00  -2.16586402e+01]
 [ -2.03422597e+00  -8.23237444e+00   6.16442233e+00   1.26867077e+00]
 [  1.99009000e+00   1.81580369e+00  -9.87743369e-01  -6.52649786e-01]
 [  9.91567503e-01   2.66516381e+00  -2.70831913e-01  -1.44996990e+00]
 [ -1.14152762e-01  -2.86040280e-01  -3.05816136e-02   6.75519566e-02]
 [ -5.22739209e-01  -1.78470875e+00   5.23829510e-02   5.49555897e-01]
 [  7.10053553e-01  -2.95650519e+00  -6.40075113e-01   8.77342794e-01]
 [ -1.26051734e+00   6.28083924e+00   1.01619869e+00  -2.93059642e+00]
 [  6.43209747e-01   7.80690845e-01  -3.79553976e-01  -2.68477662e-01]
 [  4.20239176e-01   3.65335738e-01  -3.10235634e-01  -2.25934849e-01]
 [ -3.00948831e-01   4.33961762e-01   3.70674270e-01  -3.49649898e-01]
 [  9.41154535e-01   1.36893642e+00   2.71718040e-02  -5.93664847e-01]
 [ -1.20210015e+01  -6.15742469e+00   3.52572738e+00   4.33295207e+00]
 [  2.75258740e+00   2.10547114e+00  -1.59740974e+00  -1.92348032e+00]
 [ -3.01402465e-01  -6.67697757e-01  -5.52498158e-02   2.58984373e-01]
 [  8.73090637e-01  -3.75186223e-01  -3.58340084e-01  -7.35961899e-02]
 [  5.96391363e+00  -1.37033824e+00  -2.86516646e+00   1.37356955e+00]
 [  1.91496650e+00  -3.16595827e+00  -1.40378131e+00   1.04567255e+00]
 [  3.04782749e-01   3.11850972e-01  -3.67699755e-02   9.15415695e-02]
 [ -1.50883789e+01   2.19849004e+00   6.17471439e+00  -2.32705655e-01]
 [  2.80383353e+00   1.46333924e+00  -8.00534024e-01  -1.93120671e+00]
 [  1.05673537e+01   1.44640746e+00  -3.81691312e+00   3.60587984e+00]
 [ -3.27897924e+00  -3.79899867e+00   9.97665543e-01   1.82379228e-01]
 [ -1.74518417e+00   4.22304587e-01  -1.65843949e-01  -3.89360418e-01]
 [  6.07808827e-01   8.17137077e-02  -2.60017490e-01  -3.85749100e-01]
 [ -8.57752104e-01   1.13125810e+01  -4.47627330e-01  -5.29997223e+00]
 [ -4.99101765e-01   2.76767184e+00   4.76835140e-01  -7.78845998e-01]
 [ -4.78878638e-01  -9.92076066e+00  -4.89865475e-01   3.80693484e+00]
 [ -4.76286699e+00  -2.66477462e+00   6.01596803e-01   1.52673582e+00]
 [  4.59071619e-01  -4.72378648e-02  -3.76313102e-01  -5.42308128e-01]
 [  1.07540952e+00   1.17967224e+00  -5.37045765e-01  -4.02877862e-01]
 [ -1.22969909e+00   2.39355854e-01   5.04825812e-01  -9.75395068e-01]]
Time taken for 4D timepoints exp:  24.626761436462402 , number of time points:  51
Avg AR burnin:  0.3275 , Avg AR sampling:  0.16181

 Estimated ordinary:  [[ -8.47744511e-02   7.74519573e-01   4.52648982e-01  -3.79491349e-01
    2.70446063e-01   2.23963812e-01   1.57812869e-01  -1.28466992e-02
   -8.31965291e-02   1.13008533e-01  -1.41858041e-01   1.02370011e-01
    6.68831421e-02  -4.78974941e-02   1.05917098e-01  -7.81061371e-01
    3.09774918e-01  -3.39196946e-02   5.67288314e-02   6.71176094e-01
    3.04776384e-01   3.43001102e-02  -1.69803921e+00   3.15542135e-01
    6.86610991e-01  -3.69014813e-01  -2.77754687e-01   6.84025255e-02
   -1.36515487e-01  -7.94345130e-02  -5.38927814e-02  -5.36010858e-01
    5.16637086e-02   1.21026092e-01  -7.98993707e-02]
 [ -2.38442528e-01  -7.28756448e+00  -1.84062650e-01   2.90058944e+00
    1.77940041e-01   2.04349711e-01   4.24173994e-01  -3.21908414e-02
   -2.84045220e-01  -4.70542415e-01   7.06842756e-01   1.24250807e-01
    5.81449886e-02   6.90671595e-02   1.54059474e-01  -4.00077028e-01
    2.36948753e-01  -7.51423981e-02  -2.43776249e-02  -1.54217235e-01
   -5.03877908e-01   3.50955648e-02   2.47417057e-01   1.64683524e-01
    9.39799392e-02  -4.27537560e-01   6.72118625e-02   9.19602303e-03
    1.80045319e+00   4.40488654e-01  -1.11647784e+00  -2.99892509e-01
   -5.31612755e-03   1.32759770e-01   1.55520828e-02]
 [  2.31486673e-02  -2.07261663e-01   2.37772926e-01  -6.02300849e-02
    8.54810180e-01  -1.11160184e-01  -4.31042378e-02  -3.44164071e-03
    8.33700559e-03  -1.01871118e-01   1.14362532e-01  -6.04078915e-02
   -4.93755347e-02   5.89946423e-02   3.05790231e-03   2.29083196e-01
   -1.79771757e-01  -6.21778883e-03  -2.32830514e-02  -3.22444514e-01
   -2.23418735e-01  -4.13807612e-03   6.94899515e-01  -9.00917305e-02
   -2.48002912e-01   1.12276821e-01  -2.63948842e-02  -2.92622486e-02
   -7.12421022e-02   7.58906696e-02  -5.51292350e-02   6.77034272e-02
   -4.23501033e-02  -6.04388830e-02   3.28009226e-02]
 [  1.27242556e-01   1.66097265e+00   1.82395590e-01  -4.26949614e+00
   -1.35002136e-02  -7.34489064e-02  -2.30769877e-01   7.60226609e-03
    8.74645375e-02   1.39633442e-01  -3.29807971e-01  -4.27295470e-02
   -3.59586481e-02  -5.56485097e-02  -6.68107686e-02   2.81532406e-01
   -2.16467590e-01   2.91459821e-02  -4.78189282e-03   1.54580884e-01
    1.66423955e-01   1.03020461e-02  -2.61885873e-02  -2.17337114e-01
    2.34291081e-01   2.05248743e-02  -6.19686352e-02  -4.34120261e-02
   -8.43516779e-01  -1.23957191e-01   4.28430694e-01   1.71818146e-01
   -6.10311070e-02  -4.53396890e-02  -6.33760345e-02]] 
 True ordinary:  [[ 0.          0.          1.          0.          0.          0.          0.
   0.          0.          0.          0.          0.          0.          0.
   0.          0.          0.          0.          0.          0.          0.
   0.          0.          0.          0.          0.          0.          0.
   0.          0.          0.          0.          0.          0.          0.        ]
 [ 0.         -8.5         0.          3.5         0.          0.          0.
   0.          0.          0.          0.          0.          0.          0.
   0.          0.          0.          0.          0.          0.          0.
   0.          0.          0.          0.          0.          0.          0.
   0.          0.          0.          0.          0.          0.          0.        ]
 [ 0.          0.          0.          0.          1.          0.          0.
   0.          0.          0.          0.          0.          0.          0.
   0.          0.          0.          0.          0.          0.          0.
   0.          0.          0.          0.          0.          0.          0.
   0.          0.          0.          0.          0.          0.          0.        ]
 [ 0.          2.33333333  0.         -4.33333333  0.          0.          0.
   0.          0.          0.          0.          0.          0.          0.
   0.          0.          0.          0.          0.          0.          0.
   0.          0.          0.          0.          0.          0.          0.
   0.          0.          0.          0.          0.          0.          0.        ]]

 Estimated hermite:  [[  5.68010751e-01  -2.41062843e+01   8.16698629e+00   1.57509649e+01
   -2.03422597e+00   1.99009000e+00   9.91567503e-01  -1.14152762e-01
   -5.22739209e-01   7.10053553e-01  -1.26051734e+00   6.43209747e-01
    4.20239176e-01  -3.00948831e-01   9.41154535e-01  -1.20210015e+01
    2.75258740e+00  -3.01402465e-01   8.73090637e-01   5.96391363e+00
    1.91496650e+00   3.04782749e-01  -1.50883789e+01   2.80383353e+00
    1.05673537e+01  -3.27897924e+00  -1.74518417e+00   6.07808827e-01
   -8.57752104e-01  -4.99101765e-01  -4.78878638e-01  -4.76286699e+00
    4.59071619e-01   1.07540952e+00  -1.22969909e+00]
 [  4.99273574e+00  -5.41322390e+01   8.74120668e-01   2.00821118e+01
   -8.23237444e+00   1.81580369e+00   2.66516381e+00  -2.86040280e-01
   -1.78470875e+00  -2.95650519e+00   6.28083924e+00   7.80690845e-01
    3.65335738e-01   4.33961762e-01   1.36893642e+00  -6.15742469e+00
    2.10547114e+00  -6.67697757e-01  -3.75186223e-01  -1.37033824e+00
   -3.16595827e+00   3.11850972e-01   2.19849004e+00   1.46333924e+00
    1.44640746e+00  -3.79899867e+00   4.22304587e-01   8.17137077e-02
    1.13125810e+01   2.76767184e+00  -9.92076066e+00  -2.66477462e+00
   -4.72378648e-02   1.17967224e+00   2.39355854e-01]
 [  1.63157216e-01   7.76836117e+00  -9.06599666e-01  -7.48490918e+00
    6.16442233e+00  -9.87743369e-01  -2.70831913e-01  -3.05816136e-02
    5.23829510e-02  -6.40075113e-01   1.01619869e+00  -3.79553976e-01
   -3.10235634e-01   3.70674270e-01   2.71718040e-02   3.52572738e+00
   -1.59740974e+00  -5.52498158e-02  -3.58340084e-01  -2.86516646e+00
   -1.40378131e+00  -3.67699755e-02   6.17471439e+00  -8.00534024e-01
   -3.81691312e+00   9.97665543e-01  -1.65843949e-01  -2.60017490e-01
   -4.47627330e-01   4.76835140e-01  -4.89865475e-01   6.01596803e-01
   -3.76313102e-01  -5.37045765e-01   5.04825812e-01]
 [ -2.10626713e+00   1.68411069e+01  -2.05325636e+00  -2.16586402e+01
    1.26867077e+00  -6.52649786e-01  -1.44996990e+00   6.75519566e-02
    5.49555897e-01   8.77342794e-01  -2.93059642e+00  -2.68477662e-01
   -2.25934849e-01  -3.49649898e-01  -5.93664847e-01   4.33295207e+00
   -1.92348032e+00   2.58984373e-01  -7.35961899e-02   1.37356955e+00
    1.04567255e+00   9.15415695e-02  -2.32705655e-01  -1.93120671e+00
    3.60587984e+00   1.82379228e-01  -3.89360418e-01  -3.85749100e-01
   -5.29997223e+00  -7.78845998e-01   3.80693484e+00   1.52673582e+00
   -5.42308128e-01  -4.02877862e-01  -9.75395068e-01]] 
 True hermite:  [[  0.           0.           6.28318531   0.           0.           0.
    0.           0.           0.           0.           0.           0.
    0.           0.           0.           0.           0.           0.
    0.           0.           0.           0.           0.           0.
    0.           0.           0.           0.           0.           0.
    0.           0.           0.           0.           0.        ]
 [  0.         -53.40707511   0.          21.99114858   0.           0.
    0.           0.           0.           0.           0.           0.
    0.           0.           0.           0.           0.           0.
    0.           0.           0.           0.           0.           0.
    0.           0.           0.           0.           0.           0.
    0.           0.           0.           0.           0.        ]
 [  0.           0.           0.           0.           6.28318531   0.
    0.           0.           0.           0.           0.           0.
    0.           0.           0.           0.           0.           0.
    0.           0.           0.           0.           0.           0.
    0.           0.           0.           0.           0.           0.
    0.           0.           0.           0.           0.        ]
 [  0.          14.66076572   0.         -27.22713633   0.           0.
    0.           0.           0.           0.           0.           0.
    0.           0.           0.           0.           0.           0.
    0.           0.           0.           0.           0.           0.
    0.           0.           0.           0.           0.           0.
    0.           0.           0.           0.           0.        ]]


