My SLURM_ARRAY_TASK_ID:  61
Data shape: (10, 61, 4)
Theta shape: (35, 4)
Theta: [[ 0.26852196  0.17421181  0.3811797   0.10419421]
 [ 0.29407266  0.25720078  0.00329269  0.03249492]
 [ 0.20615797  0.42206575  0.1613964   0.0362505 ]
 [ 0.33593951  0.16998449  0.41932732  0.24580553]
 [ 0.3344419   0.16480017  0.40385239  0.47381075]
 [ 0.42126438  0.2363342   0.40074995  0.11866781]
 [ 0.3441854   0.01312715  0.17552823  0.27091908]
 [ 0.38715416  0.31009551  0.01906845  0.31789702]
 [ 0.49163863  0.30171837  0.36251898  0.17548726]
 [ 0.24001226  0.42695948  0.40132657  0.41190987]
 [ 0.09767491  0.11353517  0.44242149  0.23795571]
 [ 0.28220487  0.4363464   0.3039952   0.38300005]
 [ 0.35584986  0.01776574  0.42534607  0.19631346]
 [ 0.01823618  0.23942897  0.30520753  0.12282134]
 [ 0.36394695  0.24856802  0.26727736  0.05850629]
 [ 0.01788294  0.03040076  0.4985029   0.39048711]
 [ 0.2308562   0.35748957  0.34378488  0.1477614 ]
 [ 0.08864526  0.09518869  0.1079242   0.29746639]
 [ 0.3495894   0.31122298  0.47817487  0.02643804]
 [ 0.21880882  0.32916123  0.40411354  0.2030339 ]
 [ 0.07478247  0.15847019  0.39493046  0.21421716]
 [ 0.05417375  0.22327104  0.4303544   0.15997855]
 [ 0.32929546  0.30281222  0.19996406  0.22609036]
 [ 0.27513387  0.41558663  0.25510311  0.48381962]
 [ 0.04669928  0.2896776   0.44030878  0.42739111]
 [ 0.3255451   0.14332072  0.23870439  0.43213796]
 [ 0.47451182  0.14854699  0.24369332  0.18511847]
 [ 0.10446647  0.06061589  0.44301114  0.44443949]
 [ 0.40196192  0.01271239  0.35880423  0.37382501]
 [ 0.12756493  0.38955999  0.22599045  0.39458024]
 [ 0.20957711  0.49945187  0.41268571  0.1443163 ]
 [ 0.32383348  0.09402678  0.02407976  0.28669309]
 [ 0.36838601  0.26273603  0.39688876  0.10031889]
 [ 0.24170476  0.09056097  0.26425706  0.13104773]
 [ 0.30593395  0.38840073  0.12436207  0.38958536]]
1
7.04523699111
[[ -9.44631312e-01  -2.60717115e-01   2.97249881e-01  -2.33650904e-01]
 [ -1.02327880e+01  -2.78222151e+01   3.96436107e+00   4.23542178e+00]
 [  5.79131150e+00  -2.48640298e+00  -5.74065923e-02   3.06099997e-01]
 [  1.96460841e+00   4.15337287e+00  -2.84406891e+00  -1.88557809e+01]
 [ -1.39585730e+00   2.37946321e-02   6.46660271e+00  -1.11347832e+00]
 [ -1.71062236e+00  -1.50387138e+00   5.85853394e-01   4.13145394e-01]
 [ -5.37369724e-01  -2.04835693e-01   9.64222173e-02  -1.64096557e-01]
 [  4.29367541e-02   4.87407829e-01  -4.02362038e-02  -1.55993531e-01]
 [  5.18496894e-01   4.16564249e-02  -7.63405425e-02   2.55705276e-01]
 [ -1.52122485e-02  -9.59576754e-01  -1.11626650e-01   3.86223441e-01]
 [  4.27102495e-01   1.80555716e+00  -2.17776373e-01  -1.16110570e+00]
 [  4.28362679e-02  -1.20268747e+00   5.35201984e-02   8.78405968e-02]
 [ -7.17095036e-02   8.60076418e-02   0.00000000e+00  -2.95604226e-02]
 [  2.75654390e-01  -1.70067177e+00  -2.24340961e-01   1.09036155e+00]
 [ -1.13643685e-01  -5.59544188e-01   1.27976368e-01   3.90175833e-01]
 [ -8.17154199e+00   1.73957929e+01   2.87773729e+00  -6.38625715e+00]
 [ -7.32739765e-01   1.89554930e+00   8.91413792e-02  -1.11119452e+00]
 [  2.30849300e-01   2.23067845e-01  -6.19366274e-02  -2.00994837e-01]
 [  3.41794713e-02  -7.25877276e-01  -3.72369394e-02   2.69779483e-01]
 [  1.95660277e+00  -6.56917971e+00  -1.35101492e+00   2.98340799e+00]
 [  2.85479651e-01  -3.55740876e-01  -3.21863554e-01   6.94178978e-01]
 [  1.05926982e-01  -8.54748054e-01  -1.19765940e-01   3.35425459e-01]
 [  1.86146628e-01   1.42455020e+01   5.61770950e-01  -6.82413472e+00]
 [  2.70989569e-01  -4.37554844e+00  -2.70463250e-01   1.42393135e+00]
 [ -7.85963580e-02  -1.34846949e+01  -1.02770606e+00   6.35617241e+00]
 [ -1.36688317e+00  -8.55066025e-01   5.00330627e-01   2.29214908e-01]
 [ -3.05023785e-01   2.26923860e+00   8.28372034e-02  -1.32980717e+00]
 [  5.06674823e-02  -7.94714781e-01  -7.50774652e-02   2.15442933e-01]
 [  7.85517164e-01   2.15835932e+00  -4.97272284e-01  -1.37081354e-01]
 [  5.38557757e-01  -1.40299141e+00  -2.79451044e-01   6.23806299e-01]
 [ -1.14743000e+00   1.02657466e+00  -6.90901175e-02  -1.13580276e+00]
 [ -1.03999793e-02   2.96669789e+00   6.81481436e-02  -1.34097822e+00]
 [ -1.46533867e-02  -1.64999576e+00  -6.15356125e-02   5.16086355e-01]
 [  5.97949398e-01  -4.72299750e-01  -5.50809796e-01   2.33973038e-02]
 [  1.30873538e-01   8.01380371e-01  -9.93119183e-02  -3.33961946e-01]]
2
Finished successfully!, number of iterations:  2
0.0485070588035
[[ -9.29202352e-01  -2.85749778e-01   2.75380535e-01  -2.46920845e-01]
 [ -1.07104994e+01  -2.67207978e+01   4.00623910e+00   3.69367941e+00]
 [  5.80801853e+00  -2.68531132e+00  -4.15625575e-02   3.69337852e-01]
 [  2.07033967e+00   3.38891182e+00  -2.76154093e+00  -1.83394258e+01]
 [ -1.44175536e+00   7.55411067e-02   6.48175558e+00  -1.21163868e+00]
 [ -1.68624371e+00  -1.47563344e+00   5.31541677e-01   3.80729398e-01]
 [ -5.27160322e-01  -2.72461615e-01   1.02336472e-01  -1.19745048e-01]
 [  3.64643874e-02   4.84300550e-01  -3.19619401e-02  -1.59034472e-01]
 [  5.13899502e-01   0.00000000e+00  -7.75222068e-02   2.70377242e-01]
 [ -1.24527632e-02  -1.01436105e+00  -1.02442553e-01   4.19022633e-01]
 [  4.31578403e-01   1.76071011e+00  -2.03809234e-01  -1.15462452e+00]
 [  7.55103753e-02  -1.19535964e+00   5.02380899e-02   1.07861765e-01]
 [ -7.59343851e-02   5.83341506e-02   1.40305592e-02  -2.16687262e-02]
 [  2.77131851e-01  -1.75488301e+00  -2.06468731e-01   1.12373815e+00]
 [ -1.09453148e-01  -5.95486705e-01   1.29157747e-01   3.82723301e-01]
 [ -8.53365071e+00   1.84984771e+01   2.91708481e+00  -6.89187460e+00]
 [ -6.62427837e-01   1.78633999e+00   8.83120429e-02  -1.07204347e+00]
 [  2.57738474e-01   2.93468432e-01  -5.66107516e-02  -2.15250296e-01]
 [  4.17760196e-02  -7.45574598e-01  -3.18988527e-02   2.81665219e-01]
 [  2.11994424e+00  -7.06204399e+00  -1.41301554e+00   3.29607195e+00]
 [  2.80459077e-01  -3.40531198e-01  -2.54353925e-01   7.11173322e-01]
 [  1.03518307e-01  -8.53677785e-01  -1.01625692e-01   3.48472300e-01]
 [  4.63524574e-02   1.45512092e+01   5.44919326e-01  -7.04518985e+00]
 [  2.74765074e-01  -4.60387547e+00  -2.60103954e-01   1.50908246e+00]
 [ -6.03011919e-02  -1.39893907e+01  -9.12139119e-01   6.72065291e+00]
 [ -1.39112152e+00  -8.09722627e-01   4.91008373e-01   2.32019081e-01]
 [ -2.93605378e-01   2.37774700e+00   1.17157586e-01  -1.31994566e+00]
 [  5.98114325e-02  -8.34200763e-01  -6.69257915e-02   2.25999607e-01]
 [  7.92120808e-01   2.16071841e+00  -4.99183210e-01  -1.26235367e-01]
 [  5.47236665e-01  -1.44779276e+00  -2.54406602e-01   6.40671011e-01]
 [ -1.22509181e+00   1.05651684e+00   0.00000000e+00  -1.28421392e+00]
 [  1.01912502e-02   3.16828710e+00   9.52156301e-02  -1.39701207e+00]
 [  0.00000000e+00  -1.70746544e+00  -6.04798739e-02   5.35399333e-01]
 [  5.94085846e-01  -4.82983729e-01  -5.78206683e-01   3.22757213e-02]
 [  1.51677810e-01   8.06093341e-01  -1.18033789e-01  -3.71573531e-01]]
Time taken for 4D timepoints exp:  28.43623971939087 , number of time points:  61
Avg AR burnin:  0.311666666667 , Avg AR sampling:  0.141616666667

 Estimated ordinary:  [[  1.52643041e-03  -7.65830481e-02   9.59859090e-01   2.41733549e-02
    2.86681235e-02  -1.89769091e-01  -8.39001710e-02   4.10368537e-03
    8.17896460e-02  -1.98191882e-03   4.85696347e-02   1.20178495e-02
   -1.20853327e-02   4.41069040e-02  -1.23178069e-02  -5.54471680e-01
   -7.45493237e-02   2.90057691e-02   2.71438574e-03   2.38577548e-01
    4.46364485e-02   1.16499026e-02   5.21648421e-03   3.09219349e-02
   -3.91805387e-03  -1.56556176e-01  -4.67287472e-02   6.73115107e-03
    1.26069942e-01   8.70954203e-02  -1.37871268e-01   1.14691860e-03
    0.00000000e+00   6.68581476e-02   9.85522529e-03]
 [ -6.50480480e-02  -9.88571866e+00   2.27191481e-01   4.21141932e+00
   -7.89978972e-02  -1.66067108e-01  -4.33636129e-02   5.45029609e-02
    0.00000000e+00  -1.61440576e-01   1.98149505e-01  -1.90247395e-01
    9.28416842e-03  -2.79298306e-01  -6.70157996e-02   1.20193362e+00
    2.01033879e-01   3.30268022e-02  -4.84435107e-02  -7.94759179e-01
   -5.41972234e-02  -9.60725048e-02   1.63758638e+00  -5.18118025e-01
   -9.08956933e-01  -9.11258115e-02   3.78430188e-01  -9.38805698e-02
    3.43889016e-01  -2.30423374e-01   1.18899919e-01   3.56557571e-01
   -1.92157374e-01  -5.43547664e-02   5.23756999e-02]
 [ -3.99305618e-03   3.33278574e-03   2.57427316e-02  -2.61867601e-02
    1.00688502e+00   5.98194556e-02   1.62873554e-02  -3.59698202e-03
   -1.23380424e-02  -1.63042388e-02  -2.29365974e-02   7.99564033e-03
    2.23303284e-03  -3.28605191e-02   1.45353534e-02   1.89536808e-01
    9.93859665e-03  -6.37094792e-03  -2.07261945e-03  -1.59020119e-01
   -4.04816845e-02  -1.14369086e-02   6.13249701e-02  -2.92719792e-02
   -5.92659961e-02   5.52578563e-02   1.86462090e-02  -7.53179776e-03
   -7.94474753e-02  -4.04900683e-02   0.00000000e+00   1.07155232e-02
   -6.80637715e-03  -6.50711139e-02  -7.66921399e-03]
 [  2.26212895e-02   2.90556617e+00  -1.05559183e-01  -4.64261579e+00
   -2.74299809e-02   4.28471111e-02  -1.90580162e-02  -1.78976662e-02
    4.30318746e-02   6.66895234e-02  -1.29940912e-01   1.71667331e-02
   -3.44868489e-03   1.78848481e-01   4.30715041e-02  -4.47797715e-01
   -1.20647279e-01  -2.42241692e-02   1.83011226e-02   3.70938420e-01
    1.13186750e-01   3.92169122e-02  -7.92862422e-01   1.69831445e-01
    4.36672631e-01   2.61113205e-02  -2.10075876e-01   2.54338917e-02
   -2.00909827e-02   1.01965958e-01  -1.44524843e-01  -1.57219096e-01
    6.02535944e-02   3.63229482e-03  -2.41428911e-02]] 
 True ordinary:  [[ 0.          0.          1.          0.          0.          0.          0.
   0.          0.          0.          0.          0.          0.          0.
   0.          0.          0.          0.          0.          0.          0.
   0.          0.          0.          0.          0.          0.          0.
   0.          0.          0.          0.          0.          0.          0.        ]
 [ 0.         -8.5         0.          3.5         0.          0.          0.
   0.          0.          0.          0.          0.          0.          0.
   0.          0.          0.          0.          0.          0.          0.
   0.          0.          0.          0.          0.          0.          0.
   0.          0.          0.          0.          0.          0.          0.        ]
 [ 0.          0.          0.          0.          1.          0.          0.
   0.          0.          0.          0.          0.          0.          0.
   0.          0.          0.          0.          0.          0.          0.
   0.          0.          0.          0.          0.          0.          0.
   0.          0.          0.          0.          0.          0.          0.        ]
 [ 0.          2.33333333  0.         -4.33333333  0.          0.          0.
   0.          0.          0.          0.          0.          0.          0.
   0.          0.          0.          0.          0.          0.          0.
   0.          0.          0.          0.          0.          0.          0.
   0.          0.          0.          0.          0.          0.          0.        ]]

 Estimated hermite:  [[ -9.29202352e-01  -1.07104994e+01   5.80801853e+00   2.07033967e+00
   -1.44175536e+00  -1.68624371e+00  -5.27160322e-01   3.64643874e-02
    5.13899502e-01  -1.24527632e-02   4.31578403e-01   7.55103753e-02
   -7.59343851e-02   2.77131851e-01  -1.09453148e-01  -8.53365071e+00
   -6.62427837e-01   2.57738474e-01   4.17760196e-02   2.11994424e+00
    2.80459077e-01   1.03518307e-01   4.63524574e-02   2.74765074e-01
   -6.03011919e-02  -1.39112152e+00  -2.93605378e-01   5.98114325e-02
    7.92120808e-01   5.47236665e-01  -1.22509181e+00   1.01912502e-02
    0.00000000e+00   5.94085846e-01   1.51677810e-01]
 [ -2.85749778e-01  -2.67207978e+01  -2.68531132e+00   3.38891182e+00
    7.55411067e-02  -1.47563344e+00  -2.72461615e-01   4.84300550e-01
    0.00000000e+00  -1.01436105e+00   1.76071011e+00  -1.19535964e+00
    5.83341506e-02  -1.75488301e+00  -5.95486705e-01   1.84984771e+01
    1.78633999e+00   2.93468432e-01  -7.45574598e-01  -7.06204399e+00
   -3.40531198e-01  -8.53677785e-01   1.45512092e+01  -4.60387547e+00
   -1.39893907e+01  -8.09722627e-01   2.37774700e+00  -8.34200763e-01
    2.16071841e+00  -1.44779276e+00   1.05651684e+00   3.16828710e+00
   -1.70746544e+00  -4.82983729e-01   8.06093341e-01]
 [  2.75380535e-01   4.00623910e+00  -4.15625575e-02  -2.76154093e+00
    6.48175558e+00   5.31541677e-01   1.02336472e-01  -3.19619401e-02
   -7.75222068e-02  -1.02442553e-01  -2.03809234e-01   5.02380899e-02
    1.40305592e-02  -2.06468731e-01   1.29157747e-01   2.91708481e+00
    8.83120429e-02  -5.66107516e-02  -3.18988527e-02  -1.41301554e+00
   -2.54353925e-01  -1.01625692e-01   5.44919326e-01  -2.60103954e-01
   -9.12139119e-01   4.91008373e-01   1.17157586e-01  -6.69257915e-02
   -4.99183210e-01  -2.54406602e-01   0.00000000e+00   9.52156301e-02
   -6.04798739e-02  -5.78206683e-01  -1.18033789e-01]
 [ -2.46920845e-01   3.69367941e+00   3.69337852e-01  -1.83394258e+01
   -1.21163868e+00   3.80729398e-01  -1.19745048e-01  -1.59034472e-01
    2.70377242e-01   4.19022633e-01  -1.15462452e+00   1.07861765e-01
   -2.16687262e-02   1.12373815e+00   3.82723301e-01  -6.89187460e+00
   -1.07204347e+00  -2.15250296e-01   2.81665219e-01   3.29607195e+00
    7.11173322e-01   3.48472300e-01  -7.04518985e+00   1.50908246e+00
    6.72065291e+00   2.32019081e-01  -1.31994566e+00   2.25999607e-01
   -1.26235367e-01   6.40671011e-01  -1.28421392e+00  -1.39701207e+00
    5.35399333e-01   3.22757213e-02  -3.71573531e-01]] 
 True hermite:  [[  0.           0.           6.28318531   0.           0.           0.
    0.           0.           0.           0.           0.           0.
    0.           0.           0.           0.           0.           0.
    0.           0.           0.           0.           0.           0.
    0.           0.           0.           0.           0.           0.
    0.           0.           0.           0.           0.        ]
 [  0.         -53.40707511   0.          21.99114858   0.           0.
    0.           0.           0.           0.           0.           0.
    0.           0.           0.           0.           0.           0.
    0.           0.           0.           0.           0.           0.
    0.           0.           0.           0.           0.           0.
    0.           0.           0.           0.           0.        ]
 [  0.           0.           0.           0.           6.28318531   0.
    0.           0.           0.           0.           0.           0.
    0.           0.           0.           0.           0.           0.
    0.           0.           0.           0.           0.           0.
    0.           0.           0.           0.           0.           0.
    0.           0.           0.           0.           0.        ]
 [  0.          14.66076572   0.         -27.22713633   0.           0.
    0.           0.           0.           0.           0.           0.
    0.           0.           0.           0.           0.           0.
    0.           0.           0.           0.           0.           0.
    0.           0.           0.           0.           0.           0.
    0.           0.           0.           0.           0.        ]]


