My SLURM_ARRAY_TASK_ID:  11
Data shape: (10, 11, 4)
Theta shape: (35, 4)
Theta: [[ 0.0481376   0.30281308  0.43798162  0.16013489]
 [ 0.18998326  0.2046573   0.10594342  0.3124096 ]
 [ 0.44228111  0.1640167   0.28203835  0.30924803]
 [ 0.28006283  0.03852833  0.40250556  0.01385547]
 [ 0.19974843  0.21327701  0.34181427  0.09908541]
 [ 0.10197786  0.14613704  0.46823145  0.40898994]
 [ 0.45920122  0.21343688  0.46410329  0.36076551]
 [ 0.3583024   0.37933495  0.03394353  0.36283387]
 [ 0.33208704  0.05524605  0.3777059   0.49979298]
 [ 0.24907454  0.33979278  0.27554661  0.17522037]
 [ 0.08255744  0.24187072  0.35634449  0.46506777]
 [ 0.10156622  0.2647652   0.4755007   0.29275313]
 [ 0.31311357  0.27631177  0.27302239  0.38244895]
 [ 0.11365789  0.28421051  0.49453693  0.04913134]
 [ 0.12846195  0.42708858  0.20024405  0.49251989]
 [ 0.34369587  0.4912897   0.39427554  0.14086343]
 [ 0.37169186  0.00107247  0.37363709  0.33568711]
 [ 0.1835627   0.37447246  0.23616466  0.07512235]
 [ 0.04361584  0.22622804  0.44351242  0.41785596]
 [ 0.1829166   0.44766135  0.09476961  0.12549836]
 [ 0.31602338  0.34068244  0.40168714  0.17893765]
 [ 0.32498553  0.09772755  0.04821001  0.11624691]
 [ 0.14509753  0.33775289  0.30238454  0.34844415]
 [ 0.13783107  0.30606205  0.22200869  0.30155733]
 [ 0.3047171   0.00908013  0.33593576  0.05698016]
 [ 0.22904251  0.11643203  0.18213453  0.47109251]
 [ 0.38566161  0.3948852   0.18464845  0.46366252]
 [ 0.03787982  0.36089225  0.40234514  0.11025488]
 [ 0.48931887  0.18431577  0.40003976  0.17129241]
 [ 0.1261886   0.42898155  0.17592968  0.2607026 ]
 [ 0.01867141  0.36277225  0.09075105  0.13323889]
 [ 0.25261822  0.02927288  0.09491514  0.41181435]
 [ 0.10231639  0.33905874  0.08937679  0.29224697]
 [ 0.2671918   0.1945473   0.22958851  0.00343511]
 [ 0.09766839  0.26806716  0.28082967  0.23683535]]
1
27.8603072284
[[ -7.17477073e-01  -3.68664034e+00   5.00573047e-01   9.43901828e+00]
 [ -1.80576992e+01   1.54904486e+01   4.98825860e+00  -3.82939544e+01]
 [  1.55405726e+00  -4.90533435e+00   2.31531578e-01  -9.20448382e+00]
 [  1.20834134e+01   6.82949392e+00  -1.31643295e+01  -1.64775393e+01]
 [ -4.16731002e+00  -5.03708327e+00   1.11976756e+00  -1.03953904e+01]
 [ -5.20124898e+00   1.45825395e+01   4.27151609e+00   2.68707163e+00]
 [  5.34364376e-02  -3.06350373e+00  -1.87832439e-01   5.05486457e+00]
 [ -6.15318681e-02  -3.49083442e-02  -7.67571712e-01   3.40938741e-01]
 [ -2.14136253e+00   1.20865273e+01   3.66923028e+00  -7.24099580e+00]
 [  8.29699300e-01   2.23316071e+00   1.02494836e+00  -2.74979988e+00]
 [  4.36427074e+00  -2.04487948e+01  -3.88281934e+00   9.67581638e+00]
 [  5.01342904e+00  -3.95089110e+00  -5.55438615e-01   3.69451535e+00]
 [  4.38636777e-01   4.55310754e-01   3.67897246e-01  -3.54088910e-01]
 [ -1.77036346e-01  -1.27115305e+01  -2.77237090e+00   3.01314352e+00]
 [ -3.72518661e-01  -9.76473607e-01   1.40376403e+00   1.78934143e+00]
 [ -5.86676215e+00   2.85269403e+01  -5.49440270e+00  -3.80593216e+01]
 [ -5.92505085e+00   1.93119401e+01  -1.14104259e+00  -1.95281029e+01]
 [ -2.29347679e+00  -8.50476297e-01   2.35093622e+00   1.74032853e+00]
 [ -5.34551251e-01  -2.44803932e-01  -2.25291699e-01  -6.68239646e-01]
 [ -5.70020131e+00  -6.84883474e+01  -5.64042776e+00   4.56615714e+01]
 [ -1.58804474e+00  -2.19589071e+01  -3.02456439e+00   1.12309192e+01]
 [  1.52942418e-01   4.68555737e+00  -2.88838320e+00  -1.69249687e+00]
 [ -1.78829355e+01  -1.71499747e+01   1.22281113e+01   1.00539358e+01]
 [  8.37845832e+00  -2.59638102e+01   1.96919501e+00   9.28120995e+00]
 [  1.43255713e+01   4.92915130e+01  -4.97530081e+00  -3.33653610e+01]
 [ -6.74317237e+00  -8.94837415e+00   2.96446054e+00  -3.45786449e+00]
 [  5.21666465e-01  -1.50188500e+01   4.85318046e+00   9.43956688e+00]
 [ -1.45608164e-01  -7.69375198e-01  -1.52758925e+00  -2.45618640e+00]
 [  4.28501254e+00   6.75076880e+00  -3.24494021e+00  -1.57379951e+01]
 [  2.53327687e+00  -4.43583969e-01   3.50243044e-01  -2.14540025e+00]
 [  1.85400673e+00   3.91727443e-01   1.84386585e+00  -5.21614536e+00]
 [  7.72994510e-01  -7.28552449e+00   5.91080448e+00   5.37451986e+00]
 [  1.94771621e-01  -3.77703007e+00  -3.99038516e+00  -2.88187544e+00]
 [  3.80677656e-01  -3.89982832e+00   3.50797177e+00   2.82992035e+00]
 [ -1.82385038e+00   5.46990792e-01  -5.09524463e+00  -6.08255017e+00]]
2
Finished successfully!, number of iterations:  2
0.0633068643512
[[ -7.75481947e-01  -3.49712825e+00   4.42824670e-01   9.27935960e+00]
 [ -1.91718489e+01   2.01074885e+01   4.38274686e+00  -4.20438793e+01]
 [  1.23945914e+00  -4.09537573e+00   1.01713346e-01  -1.02100719e+01]
 [  1.23314672e+01   4.99055484e+00  -1.44617374e+01  -1.38925548e+01]
 [ -4.31676952e+00  -5.65220073e+00   9.19475765e-01  -1.05681881e+01]
 [ -5.24852815e+00   1.59165192e+01   4.25467723e+00   2.46903290e+00]
 [  4.31282275e-02  -2.74661960e+00  -7.33739492e-02   4.97498651e+00]
 [ -9.78290532e-02   5.69310126e-02  -7.24746417e-01   3.52484567e-01]
 [ -1.82311718e+00   1.21409696e+01   3.72955474e+00  -7.24975396e+00]
 [  8.20817022e-01   2.01937394e+00   1.09191809e+00  -2.72151749e+00]
 [  4.39686431e+00  -2.15244617e+01  -3.94528889e+00   9.65186719e+00]
 [  5.13633935e+00  -3.87202203e+00  -3.99085621e-01   3.78932722e+00]
 [  4.40763675e-01   3.83132329e-01   3.84186287e-01  -3.06880754e-01]
 [ -1.55246309e-01  -1.33980777e+01  -2.84384488e+00   3.40071463e+00]
 [ -4.19423646e-01  -1.08700658e+00   1.35844603e+00   1.76106957e+00]
 [ -7.04059836e+00   3.24613551e+01  -5.96451887e+00  -4.14253239e+01]
 [ -6.72727581e+00   2.20647763e+01  -1.41740125e+00  -2.15920346e+01]
 [ -2.39135741e+00  -3.45604118e-01   2.30251599e+00   1.26375511e+00]
 [ -5.21857418e-01  -2.78381646e-01  -2.33336374e-01  -6.33505344e-01]
 [ -5.35174071e+00  -7.08385018e+01  -5.57631525e+00   4.85371528e+01]
 [ -1.51103224e+00  -2.21328086e+01  -2.85612156e+00   1.18122165e+01]
 [  4.24216433e-02   5.04397459e+00  -2.81024789e+00  -1.76231648e+00]
 [ -1.75656417e+01  -1.73046477e+01   1.19917842e+01   1.05950372e+01]
 [  8.65618085e+00  -2.71002722e+01   2.11201996e+00   9.54380679e+00]
 [  1.43910489e+01   4.88968535e+01  -6.20470531e+00  -3.26639912e+01]
 [ -6.93318735e+00  -9.41568511e+00   2.46195808e+00  -3.83229324e+00]
 [  6.60018072e-01  -1.53889382e+01   4.74770390e+00   9.44012399e+00]
 [ -7.98393479e-02  -9.72237302e-01  -1.55722861e+00  -2.30683693e+00]
 [  4.34449255e+00   6.63593447e+00  -3.06487073e+00  -1.59654842e+01]
 [  2.63665550e+00  -9.36147359e-01   3.27698250e-01  -1.80285410e+00]
 [  1.76155267e+00   2.58835822e-01   2.11239529e+00  -5.36401821e+00]
 [  9.18018502e-01  -6.88101637e+00   6.03276172e+00   5.23271238e+00]
 [  2.92330859e-01  -4.12504431e+00  -4.00971877e+00  -2.63254409e+00]
 [  4.46686442e-01  -4.03027224e+00   3.51558122e+00   3.26704382e+00]
 [ -1.74362673e+00   2.74537271e-01  -5.14271367e+00  -5.87892954e+00]]
Time taken for 4D timepoints exp:  5.697119235992432 , number of time points:  11
Avg AR burnin:  0.2245 , Avg AR sampling:  0.08185

 Estimated ordinary:  [[  3.06354518e-02   4.63726592e-01   4.90118235e-02  -2.95311288e-01
    2.43838307e-01  -5.90666941e-01   6.86407060e-03  -1.10096366e-02
   -2.90158111e-01   1.30637086e-01   4.94821085e-01   8.17473797e-01
    7.01497176e-02  -2.47082174e-02  -4.72017440e-02  -4.57461002e-01
   -7.57084522e-01  -2.69122261e-01  -3.39075466e-02  -6.02282435e-01
   -2.40488250e-01   4.77411221e-03  -1.97682923e+00   9.74162607e-01
    9.35054564e-01  -7.80257712e-01   1.05045139e-01  -8.98508344e-03
    6.91447465e-01   4.19636756e-01   1.98244327e-01   1.03313379e-01
    3.28987802e-02   5.02698864e-02  -1.13291682e-01]
 [  1.90454250e-01  -3.66559881e-01   4.33387003e-01  -8.78857821e-01
    1.86833097e-01   1.79123774e+00  -4.37138086e-01   6.40698995e-03
    1.93229533e+00   3.21393344e-01  -2.42235301e+00  -6.16251445e-01
    6.09774040e-02  -2.13237030e+00  -1.22331220e-01   2.10916790e+00
    2.48315977e+00  -3.88941284e-02  -1.80877732e-02  -7.97213237e+00
   -3.52254590e+00   5.67646578e-01  -1.94745708e+00  -3.04985216e+00
    3.17706002e+00  -1.05963687e+00  -2.44922558e+00  -1.09415138e-01
    1.05614177e+00  -1.48992480e-01   2.91292642e-02  -7.74386414e-01
   -4.64230588e-01  -4.53564982e-01   1.78379860e-02]
 [ -3.56569494e-02  -4.27433290e-01   4.34750921e-01  -5.44031701e-01
    8.09232633e-01   4.78819417e-01  -1.16778267e-02  -8.15626280e-02
    5.93577073e-01   1.73784161e-01  -4.44000995e-01  -6.35164492e-02
    6.11451466e-02  -4.52611970e-01   1.52878890e-01  -3.87543024e-01
   -1.59513684e-01   2.59124090e-01  -1.51609687e-02  -6.27555950e-01
   -4.54565864e-01  -3.16264004e-01   1.34954987e+00   2.37685754e-01
   -4.03149074e-01   2.77067628e-01   7.55620545e-01  -1.75249791e-01
   -4.87789327e-01   5.21547963e-02   2.37727993e-01   6.78924226e-01
   -4.51251903e-01   3.95641891e-01  -3.34146450e-01]
 [ -1.25082975e-01  -5.40163142e-01   1.50669411e-01  -1.47575655e+00
    7.58525277e-01   2.77863825e-01   7.91793696e-01   3.96684509e-02
   -1.15383418e+00  -4.33142961e-01   1.08621669e+00   6.03090159e-01
   -4.88415890e-02   5.41240544e-01   1.98189958e-01  -2.69159938e+00
   -2.42995763e+00   1.42222418e-01  -4.11618409e-02   5.46234883e+00
    1.87997265e+00  -1.98330285e-01   1.19236060e+00   1.07405562e+00
   -2.12233412e+00  -4.31284516e-01   1.50244240e+00  -2.59610365e-01
   -2.54098573e+00  -2.86933141e-01  -6.03664139e-01   5.88887042e-01
   -2.96265300e-01   3.67671607e-01  -3.81981879e-01]] 
 True ordinary:  [[ 0.          0.          1.          0.          0.          0.          0.
   0.          0.          0.          0.          0.          0.          0.
   0.          0.          0.          0.          0.          0.          0.
   0.          0.          0.          0.          0.          0.          0.
   0.          0.          0.          0.          0.          0.          0.        ]
 [ 0.         -8.5         0.          3.5         0.          0.          0.
   0.          0.          0.          0.          0.          0.          0.
   0.          0.          0.          0.          0.          0.          0.
   0.          0.          0.          0.          0.          0.          0.
   0.          0.          0.          0.          0.          0.          0.        ]
 [ 0.          0.          0.          0.          1.          0.          0.
   0.          0.          0.          0.          0.          0.          0.
   0.          0.          0.          0.          0.          0.          0.
   0.          0.          0.          0.          0.          0.          0.
   0.          0.          0.          0.          0.          0.          0.        ]
 [ 0.          2.33333333  0.         -4.33333333  0.          0.          0.
   0.          0.          0.          0.          0.          0.          0.
   0.          0.          0.          0.          0.          0.          0.
   0.          0.          0.          0.          0.          0.          0.
   0.          0.          0.          0.          0.          0.          0.        ]]

 Estimated hermite:  [[ -7.75481947e-01  -1.91718489e+01   1.23945914e+00   1.23314672e+01
   -4.31676952e+00  -5.24852815e+00   4.31282275e-02  -9.78290532e-02
   -1.82311718e+00   8.20817022e-01   4.39686431e+00   5.13633935e+00
    4.40763675e-01  -1.55246309e-01  -4.19423646e-01  -7.04059836e+00
   -6.72727581e+00  -2.39135741e+00  -5.21857418e-01  -5.35174071e+00
   -1.51103224e+00   4.24216433e-02  -1.75656417e+01   8.65618085e+00
    1.43910489e+01  -6.93318735e+00   6.60018072e-01  -7.98393479e-02
    4.34449255e+00   2.63665550e+00   1.76155267e+00   9.18018502e-01
    2.92330859e-01   4.46686442e-01  -1.74362673e+00]
 [ -3.49712825e+00   2.01074885e+01  -4.09537573e+00   4.99055484e+00
   -5.65220073e+00   1.59165192e+01  -2.74661960e+00   5.69310126e-02
    1.21409696e+01   2.01937394e+00  -2.15244617e+01  -3.87202203e+00
    3.83132329e-01  -1.33980777e+01  -1.08700658e+00   3.24613551e+01
    2.20647763e+01  -3.45604118e-01  -2.78381646e-01  -7.08385018e+01
   -2.21328086e+01   5.04397459e+00  -1.73046477e+01  -2.71002722e+01
    4.88968535e+01  -9.41568511e+00  -1.53889382e+01  -9.72237302e-01
    6.63593447e+00  -9.36147359e-01   2.58835822e-01  -6.88101637e+00
   -4.12504431e+00  -4.03027224e+00   2.74537271e-01]
 [  4.42824670e-01   4.38274686e+00   1.01713346e-01  -1.44617374e+01
    9.19475765e-01   4.25467723e+00  -7.33739492e-02  -7.24746417e-01
    3.72955474e+00   1.09191809e+00  -3.94528889e+00  -3.99085621e-01
    3.84186287e-01  -2.84384488e+00   1.35844603e+00  -5.96451887e+00
   -1.41740125e+00   2.30251599e+00  -2.33336374e-01  -5.57631525e+00
   -2.85612156e+00  -2.81024789e+00   1.19917842e+01   2.11201996e+00
   -6.20470531e+00   2.46195808e+00   4.74770390e+00  -1.55722861e+00
   -3.06487073e+00   3.27698250e-01   2.11239529e+00   6.03276172e+00
   -4.00971877e+00   3.51558122e+00  -5.14271367e+00]
 [  9.27935960e+00  -4.20438793e+01  -1.02100719e+01  -1.38925548e+01
   -1.05681881e+01   2.46903290e+00   4.97498651e+00   3.52484567e-01
   -7.24975396e+00  -2.72151749e+00   9.65186719e+00   3.78932722e+00
   -3.06880754e-01   3.40071463e+00   1.76106957e+00  -4.14253239e+01
   -2.15920346e+01   1.26375511e+00  -6.33505344e-01   4.85371528e+01
    1.18122165e+01  -1.76231648e+00   1.05950372e+01   9.54380679e+00
   -3.26639912e+01  -3.83229324e+00   9.44012399e+00  -2.30683693e+00
   -1.59654842e+01  -1.80285410e+00  -5.36401821e+00   5.23271238e+00
   -2.63254409e+00   3.26704382e+00  -5.87892954e+00]] 
 True hermite:  [[  0.           0.           6.28318531   0.           0.           0.
    0.           0.           0.           0.           0.           0.
    0.           0.           0.           0.           0.           0.
    0.           0.           0.           0.           0.           0.
    0.           0.           0.           0.           0.           0.
    0.           0.           0.           0.           0.        ]
 [  0.         -53.40707511   0.          21.99114858   0.           0.
    0.           0.           0.           0.           0.           0.
    0.           0.           0.           0.           0.           0.
    0.           0.           0.           0.           0.           0.
    0.           0.           0.           0.           0.           0.
    0.           0.           0.           0.           0.        ]
 [  0.           0.           0.           0.           6.28318531   0.
    0.           0.           0.           0.           0.           0.
    0.           0.           0.           0.           0.           0.
    0.           0.           0.           0.           0.           0.
    0.           0.           0.           0.           0.           0.
    0.           0.           0.           0.           0.        ]
 [  0.          14.66076572   0.         -27.22713633   0.           0.
    0.           0.           0.           0.           0.           0.
    0.           0.           0.           0.           0.           0.
    0.           0.           0.           0.           0.           0.
    0.           0.           0.           0.           0.           0.
    0.           0.           0.           0.           0.        ]]


